from file: ../4_1000.txt  read 995 rows. 
GPU is OK!
warmup() run time=                       1.071872 ms 
queen conflict time(ms)
  4    0     212 
  5    0     211 
  6    0     212 
  7    0     199 
  8    0     198 
  9    0     199 
 10    0     198 
 11    0     198 
 12    0     201 
 13    0     199 
 14    0     199 
 15    0     203 
 16    0     202 
 17    0     226 
 18    0     208 
 19    0     215 
 20    0     202 
 21    0     202 
 22    0     201 
 23    0     202 
 24    0     202 
 25    0     202 
 26    0     202 
 27    0     201 
 28    0     202 
 29    0     201 
 30    0     202 
 31    0     202 
 32    0     228 
 33    0     219 
 34    0     202 
 35    0     202 
 36    0     205 
 37    0     231 
 38    0     214 
 39    0     214 
 40    0     215 
 41    0     211 
 42    0     201 
 43    0     204 
 44    0     203 
 45    0     202 
 46    0     202 
 47    0     237 
 48    0     216 
 49    0     201 
 50    0     202 
 51    0     201 
 52    0     202 
 53    0     202 
 54    0     201 
 55    0     202 
 56    0     201 
 57    0     201 
 58    0     202 
 59    0     204 
 60    0     202 
 61    0     202 
 62    0     237 
 63    0     207 
 64    0     202 
 65    0     201 
 66    0     202 
 67    0     202 
 68    0     201 
 69    0     202 
 70    0     201 
 71    0     202 
 72    0     202 
 73    0     202 
 74    0     202 
 75    0     202 
 76    0     201 
 77    0     236 
 78    0     216 
 79    0     202 
 80    0     202 
 81    0     201 
 82    0     201 
 83    0     202 
 84    0     202 
 85    0     202 
 86    0     202 
 87    0     201 
 88    0     202 
 89    0     202 
 90    0     202 
 91    0     205 
 92    0     289 
 93    0     247 
 94    0     218 
 95    0     218 
 96    0     219 
 97    0     210 
 98    0     205 
 99    0     207 
100    0     205 
101    0     205 
102    0     205 
103    0     205 
104    0     205 
105    0     205 
106    0     233 
107    0     208 
108    0     205 
109    0     205 
110    0     205 
111    0     205 
112    0     205 
113    0     205 
114    0     205 
115    0     205 
116    0     205 
117    0     205 
118    0     205 
119    0     205 
120    0     205 
121    0     234 
122    0     222 
123    0     205 
124    0     205 
125    0     205 
126    0     205 
127    0     208 
128    0     205 
129    0     205 
130    0     227 
131    0     239 
132    0     218 
133    0     219 
134    0     218 
135    0     228 
136    0     205 
137    0     205 
138    0     204 
139    0     205 
140    0     205 
141    0     205 
142    0     204 
143    0     205 
144    0     205 
145    0     204 
146    0     205 
147    0     204 
148    0     204 
149    0     205 
150    0     233 
151    0     221 
152    0     205 
153    0     205 
154    0     205 
155    0     205 
156    0     205 
157    0     204 
158    0     205 
159    0     205 
160    0     205 
161    0     205 
162    0     211 
163    0     224 
164    0     219 
165    0     254 
166    0     260 
167    0     215 
168    0     220 
169    0     242 
170    0     214 
171    0     214 
172    0     214 
173    0     202 
174    0     201 
175    0     201 
176    0     201 
177    0     202 
178    0     201 
179    0     237 
180    0     230 
181    0     202 
182    0     201 
183    0     202 
184    0     201 
185    0     201 
186    0     202 
187    0     201 
188    0     202 
189    0     201 
190    0     201 
191    0     201 
192    0     202 
193    0     201 
194    0     233 
195    0     215 
196    0     201 
197    0     201 
198    0     201 
199    0     201 
200    0     201 
201    0     201 
202    0     202 
203    0     202 
204    0     201 
205    0     202 
206    0     201 
207    0     202 
208    0     229 
209    0     238 
210    0     221 
211    0     213 
212    0     246 
213    0     215 
214    0     216 
215    0     215 
216    0     211 
217    0     203 
218    0     203 
219    0     203 
220    0     209 
221    0     203 
222    0     203 
223    0     230 
224    0     206 
225    0     203 
226    0     203 
227    0     202 
228    0     203 
229    0     216 
230    0     235 
231    0     215 
232    0     215 
233    0     215 
234    0     206 
235    0     210 
236    0     203 
237    0     202 
238    0     236 
239    0     215 
240    0     203 
241    0     202 
242    0     211 
243    0     206 
244    0     244 
245    0     220 
246    0     220 
247    0     220 
248    0     208 
249    0     206 
250    0     206 
251    0     205 
252    0     231 
253    0     217 
254    0     207 
255    0     206 
256    0     206 
257    0     206 
258    0     206 
259    0     207 
260    0     206 
261    0     206 
262    0     206 
263    0     207 
264    0     207 
265    0     209 
266    0     206 
267    0     241 
268    0     218 
269    0     208 
270    0     207 
271    0     207 
272    0     207 
273    0     206 
274    0     207 
275    0     206 
276    0     206 
277    0     207 
278    0     206 
279    0     206 
280    0     207 
281    0     208 
282    0     232 
283    0     210 
284    0     206 
285    0     207 
286    0     207 
287    0     206 
288    0     207 
289    0     207 
290    0     206 
291    0     207 
292    0     207 
293    0     207 
294    0     206 
295    0     207 
296    0     251 
297    0     248 
298    0     272 
299    0     274 
300    0     215 
301    0     215 
302    0     215 
303    0     212 
304    0     203 
305    0     202 
306    0     203 
307    0     202 
308    0     202 
309    0     203 
310    0     229 
311    0     219 
312    0     203 
313    0     203 
314    0     202 
315    0     202 
316    0     206 
317    0     236 
318    0     218 
319    0     264 
320    0     217 
321    0     216 
322    0     216 
323    0     211 
324    0     233 
325    0     219 
326    0     204 
327    0     204 
328    0     204 
329    0     203 
330    0     204 
331    0     203 
332    0     206 
333    0     204 
334    0     204 
335    0     204 
336    0     203 
337    0     203 
338    0     204 
339    0     232 
340    0     219 
341    0     204 
342    0     204 
343    0     203 
344    0     204 
345    0     203 
346    0     204 
347    0     204 
348    0     203 
349    0     204 
350    0     204 
351    0     203 
352    0     204 
353    0     204 
354    0     228 
355    0     221 
356    0     208 
357    0     249 
358    0     218 
359    0     215 
360    0     216 
361    0     214 
362    0     203 
363    0     203 
364    0     203 
365    0     203 
366    0     205 
367    0     211 
368    0     227 
369    0     208 
370    0     202 
371    0     202 
372    0     202 
373    0     203 
374    0     202 
375    0     203 
376    0     203 
377    0     203 
378    0     203 
379    0     203 
380    0     203 
381    0     203 
382    0     226 
383    0     261 
384    0     235 
385    0     235 
386    0     235 
387    0     236 
388    0     235 
389    0     235 
390    0     235 
391    0     236 
392    0     235 
393    0     236 
394    0     214 
395    0     203 
396    0     235 
397    0     278 
398    0     225 
399    0     220 
400    0     220 
401    0     210 
402    0     206 
403    0     206 
404    0     207 
405    0     241 
406    0     223 
407    0     220 
408    0     220 
409    0     212 
410    0     232 
411    0     223 
412    0     207 
413    0     208 
414    0     205 
415    0     206 
416    0     206 
417    0     206 
418    0     206 
419    0     206 
420    0     206 
421    0     209 
422    0     255 
423    0     223 
424    0     245 
425    0     236 
426    0     218 
427    0     218 
428    0     215 
429    0     204 
430    0     205 
431    0     204 
432    0     205 
433    0     205 
434    0     204 
435    0     205 
436    0     205 
437    0     205 
438    0     205 
439    0     234 
440    0     220 
441    0     205 
442    0     205 
443    0     205 
444    0     205 
445    0     205 
446    0     204 
447    0     205 
448    0     205 
449    0     205 
450    0     205 
451    0     205 
452    0     204 
453    0     205 
454    0     235 
455    0     220 
456    0     205 
457    0     205 
458    0     204 
459    0     205 
460    0     205 
461    0     205 
462    0     205 
463    0     205 
464    0     204 
465    0     205 
466    0     205 
467    0     205 
468    0     205 
469    0     244 
470    0     206 
471    0     205 
472    0     205 
473    0     205 
474    0     205 
475    0     205 
476    0     204 
477    0     205 
478    0     205 
479    0     205 
480    0     205 
481    0     205 
482    0     205 
483    0     244 
484    0     254 
485    0     215 
486    0     216 
487    0     216 
488    0     212 
489    0     203 
490    0     202 
491    0     223 
492    0     204 
493    0     202 
494    0     203 
495    0     202 
496    0     206 
497    0     261 
498    0     224 
499    0     215 
500    0     215 
501    0     216 
502    0     212 
503    0     202 
504    0     202 
505    0     203 
506    0     203 
507    0     203 
508    0     231 
509    0     241 
510    0     219 
511    0     267 
512    0     220 
513    0     217 
514    0     217 
515    0     216 
516    0     211 
517    0     204 
518    0     204 
519    0     205 
520    0     204 
521    0     203 
522    0     204 
523    0     205 
524    0     203 
525    0     204 
526    0     234 
527    0     219 
528    0     204 
529    0     204 
530    0     204 
531    0     204 
532    0     232 
533    0     224 
534    0     215 
535    0     215 
536    0     216 
537    0     206 
538    0     204 
539    0     208 
540    0     274 
541    0     235 
542    0     224 
543    0     275 
544    0     222 
545    0     220 
546    0     220 
547    0     219 
548    0     206 
549    0     206 
550    0     206 
551    0     207 
552    0     207 
553    0     212 
554    0     263 
555    0     238 
556    0     239 
557    0     239 
558    0     238 
559    0     228 
560    0     206 
561    0     207 
562    0     218 
563    0     239 
564    0     239 
565    0     240 
566    0     239 
567    0     259 
568    0     238 
569    0     238 
570    0     238 
571    0     238 
572    0     238 
573    0     238 
574    0     238 
575    0     238 
576    0     238 
577    0     238 
578    0     215 
579    0     206 
580    0     228 
581    0     224 
582    0     206 
583    0     207 
584    0     217 
585    0     238 
586    0     238 
587    0     238 
588    0     238 
589    0     238 
590    0     229 
591    0     206 
592    0     206 
593    0     218 
594    0     261 
595    0     216 
596    0     205 
597    0     207 
598    0     206 
599    0     206 
600    0     207 
601    0     206 
602    0     206 
603    0     206 
604    0     206 
605    0     206 
606    0     206 
607    0     206 
608    0     207 
609    0     234 
610    0     216 
611    0     206 
612    0     206 
613    0     207 
614    0     206 
615    0     207 
616    0     206 
617    0     218 
618    0     250 
619    0     218 
620    0     218 
621    0     218 
622    0     221 
623    0     296 
624    0     220 
625    0     215 
626    0     216 
627    0     216 
628    0     204 
629    0     203 
630    0     203 
631    0     203 
632    0     203 
633    0     203 
634    0     203 
635    0     203 
636    0     203 
637    0     227 
638    0     218 
639    0     222 
640    0     202 
641    0     204 
642    0     203 
643    0     203 
644    0     203 
645    0     202 
646    0     203 
647    0     203 
648    0     202 
649    0     203 
650    0     203 
651    0     203 
652    0     234 
653    0     217 
654    0     203 
655    0     203 
656    0     203 
657    0     203 
658    0     203 
659    0     203 
660    0     203 
661    0     203 
662    0     203 
663    0     203 
664    0     203 
665    0     203 
666    0     203 
667    0     230 
668    0     219 
669    0     203 
670    0     203 
671    0     203 
672    0     203 
673    0     203 
674    0     247 
675    0     224 
676    0     216 
677    0     216 
678    0     216 
679    0     204 
680    0     203 
681    0     221 
682    0     216 
683    0     203 
684    0     203 
685    0     203 
686    0     203 
687    0     203 
688    0     203 
689    0     203 
690    0     203 
691    0     203 
692    0     203 
693    0     203 
694    0     203 
695    0     203 
696    0     229 
697    0     216 
698    0     205 
699    0     206 
700    0     245 
701    0     216 
702    0     216 
703    0     215 
704    0     210 
705    0     203 
706    0     203 
707    0     204 
708    0     203 
709    0     203 
710    0     203 
711    0     240 
712    0     227 
713    0     203 
714    0     203 
715    0     203 
716    0     203 
717    0     203 
718    0     203 
719    0     203 
720    0     203 
721    0     204 
722    0     203 
723    0     203 
724    0     203 
725    0     203 
726    0     239 
727    0     210 
728    0     203 
729    0     203 
730    0     203 
731    0     204 
732    0     203 
733    0     203 
734    0     204 
735    0     203 
736    0     203 
737    0     203 
738    0     203 
739    0     203 
740    0     203 
741    0     232 
742    0     205 
743    0     203 
744    0     203 
745    0     203 
746    0     203 
747    0     203 
748    0     203 
749    0     203 
750    0     203 
751    0     203 
752    0     203 
753    0     206 
754    0     203 
755    0     206 
756    0     237 
757    0     206 
758    0     203 
759    0     203 
760    0     203 
761    0     203 
762    0     203 
763    0     203 
764    0     203 
765    0     203 
766    0     203 
767    0     203 
768    0     203 
769    0     219 
770    0     279 
771    0     231 
772    0     217 
773    0     217 
774    0     217 
775    0     212 
776    0     204 
777    0     204 
778    0     211 
779    0     222 
780    0     204 
781    0     204 
782    0     204 
783    0     204 
784    0     243 
785    0     259 
786    0     221 
787    0     225 
788    0     272 
789    0     222 
790    0     221 
791    0     221 
792    0     213 
793    0     207 
794    0     207 
795    0     207 
796    0     209 
797    0     208 
798    0     233 
799    0     223 
800    0     208 
801    0     207 
802    0     207 
803    0     207 
804    0     207 
805    0     237 
806    0     231 
807    0     219 
808    0     219 
809    0     218 
810    0     206 
811    0     206 
812    0     232 
813    0     226 
814    0     206 
815    0     206 
816    0     206 
817    0     206 
818    0     205 
819    0     205 
820    0     206 
821    0     206 
822    0     206 
823    0     206 
824    0     206 
825    0     206 
826    0     206 
827    0     232 
828    0     223 
829    0     206 
830    0     206 
831    0     206 
832    0     206 
833    0     206 
834    0     206 
835    0     206 
836    0     206 
837    0     206 
838    0     206 
839    0     205 
840    0     206 
841    0     206 
842    0     245 
843    0     211 
844    0     206 
845    0     206 
846    0     206 
847    0     206 
848    0     205 
849    0     206 
850    0     206 
851    0     205 
852    0     206 
853    0     206 
854    0     206 
855    0     206 
856    0     225 
857    0     214 
858    0     225 
859    0     206 
860    0     206 
861    0     205 
862    0     206 
863    0     205 
864    0     205 
865    0     206 
866    0     206 
867    0     206 
868    0     206 
869    0     205 
870    0     206 
871    0     235 
872    0     221 
873    0     206 
874    0     206 
875    0     206 
876    0     206 
877    0     206 
878    0     205 
879    0     205 
880    0     206 
881    0     206 
882    0     206 
883    0     206 
884    0     206 
885    0     206 
886    0     236 
887    0     221 
888    0     205 
889    0     206 
890    0     206 
891    0     205 
892    0     206 
893    0     227 
894    0     211 
895    0     206 
896    0     206 
897    0     206 
898    0     206 
899    0     206 
900    0     232 
901    0     223 
902    0     206 
903    0     205 
904    0     206 
905    0     206 
906    0     206 
907    0     206 
908    0     205 
909    0     205 
910    0     206 
911    0     206 
912    0     205 
913    0     206 
914    0     231 
915    0     243 
916    0     226 
917    0     216 
918    0     216 
919    0     216 
920    0     203 
921    0     203 
922    0     203 
923    0     203 
924    0     203 
925    0     203 
926    0     204 
927    0     203 
928    0     203 
929    0     203 
930    0     230 
931    0     216 
932    0     203 
933    0     204 
934    0     203 
935    0     204 
936    0     203 
937    0     203 
938    0     204 
939    0     203 
940    0     203 
941    0     203 
942    0     203 
943    0     203 
944    0     203 
945    0     242 
946    0     207 
947    0     204 
948    0     203 
949    0     229 
950    0     216 
951    0     203 
952    0     203 
953    0     203 
954    0     204 
955    0     203 
956    0     203 
957    0     216 
958    0     238 
959    0     237 
960    0     228 
961    0     216 
962    0     216 
963    0     215 
964    0     203 
965    0     203 
966    0     203 
967    0     203 
968    0     203 
969    0     203 
970    0     203 
971    0     203 
972    0     203 
973    0     204 
974    0     236 
975    0     263 
976    0     222 
977    0     218 
978    0     217 
979    0     213 
980    0     206 
981    0     205 
982    0     205 
983    0     204 
984    0     204 
985    0     204 
986    0     205 
987    0     205 
988    0     225 
989    0     220 
990    0     205 
991    0     205 
992    0     233 
993    0     213 
994    0     205 
995    0     204 
996    0     205 
997    0     204 
998    0     205 
