30   Queen   11 16 8 6 21 19 0 26 13 25 18 24 3 14 9 22 4 2 27 29 12 10 20 7 5 1 23 17 15 28 
35   Queen   26 14 6 1 18 11 3 24 15 19 28 16 21 32 34 2 4 20 0 27 31 33 8 13 5 17 9 12 30 23 29 22 25 10 7 
40   Queen   19 4 22 14 17 21 1 6 8 11 28 37 10 38 20 0 23 29 26 34 16 7 27 33 13 39 35 2 15 30 3 24 36 9 31 12 5 25 32 18 
45   Queen   33 26 5 37 15 4 22 31 28 7 11 3 27 2 36 44 30 35 8 38 17 23 29 40 0 9 39 14 1 41 12 24 13 10 20 18 32 25 43 19 34 6 42 21 16 
50   Queen   20 32 11 15 42 34 36 14 19 43 18 1 38 17 41 8 0 12 16 35 39 27 45 48 37 47 40 26 7 46 2 31 33 10 23 9 24 4 25 49 5 44 28 13 3 6 22 29 21 30 
55   Queen   16 34 11 29 43 1 13 4 25 19 35 49 32 17 0 50 30 36 54 20 28 6 44 46 12 24 26 48 52 2 8 3 22 51 45 41 38 40 33 23 21 53 47 7 14 37 39 9 42 15 18 27 31 10 5 
60   Queen   9 16 32 36 14 25 5 49 44 41 6 40 10 59 28 50 21 45 20 38 54 52 26 17 0 51 23 1 19 15 57 39 53 55 2 48 24 4 31 56 3 12 58 46 33 22 47 37 7 30 11 29 34 18 27 13 35 42 8 43 
65   Queen   21 9 38 42 48 28 58 4 22 52 3 61 8 12 14 19 50 62 23 25 29 32 41 39 2 40 64 11 45 53 59 63 26 36 54 57 0 44 18 15 7 16 60 56 33 30 5 20 35 6 10 34 24 55 17 43 51 47 1 27 37 13 31 49 46 
70   Queen   20 35 55 27 49 44 3 12 64 34 68 26 22 42 21 69 58 16 59 23 48 52 28 63 36 51 62 54 4 61 41 66 50 15 24 65 2 7 57 13 11 6 33 37 25 9 18 60 43 45 17 10 31 40 5 56 14 30 8 47 29 38 1 46 39 0 19 67 53 32 
75   Queen   62 58 35 32 73 49 26 15 60 37 42 2 16 44 6 45 31 28 72 59 65 27 4 33 18 66 7 13 67 43 9 36 19 54 52 34 71 64 61 55 25 3 8 41 5 57 63 14 48 51 20 70 40 22 29 56 69 47 23 12 38 21 1 17 53 74 10 30 11 24 50 39 68 46 0 
80   Queen   32 59 25 42 11 67 49 45 72 57 28 60 10 46 39 78 35 7 21 4 36 13 63 24 6 40 73 23 14 2 51 12 9 50 54 75 0 61 31 70 76 17 44 71 56 58 55 74 15 33 37 22 18 41 3 77 8 48 64 16 65 30 66 52 43 62 26 1 68 5 53 79 34 29 69 38 20 27 19 47 
85   Queen   70 43 47 44 83 31 53 18 56 41 65 45 49 11 81 77 21 73 14 26 66 25 12 84 64 76 1 27 61 52 74 24 3 9 33 16 67 28 46 0 22 57 29 10 4 48 23 59 68 79 63 34 69 55 75 5 2 82 80 78 13 62 50 42 15 35 30 32 6 8 54 20 38 36 60 7 71 17 40 51 72 39 37 19 58 
90   Queen   51 34 21 66 29 41 4 15 69 43 88 33 62 40 44 70 60 28 8 61 14 83 39 58 67 38 71 48 56 11 37 68 79 82 75 7 0 63 76 85 80 9 65 5 3 20 22 31 77 52 23 42 2 73 12 55 26 13 64 47 45 1 27 49 24 6 17 50 72 81 25 86 59 78 16 19 57 87 30 53 89 74 36 46 18 54 10 32 35 84 
95   Queen   54 18 70 56 14 55 31 21 92 41 71 44 50 65 33 59 57 87 17 46 76 43 10 53 82 27 4 30 64 84 3 78 39 5 93 35 20 86 28 2 58 61 1 88 67 32 0 89 19 38 11 77 81 29 36 60 12 6 62 90 94 85 68 74 80 42 75 52 25 63 16 79 73 66 40 8 45 47 69 37 23 48 13 51 7 9 72 83 22 49 15 26 34 91 24 
100   Queen   19 17 83 34 11 7 91 48 74 20 44 37 50 13 47 16 24 6 78 80 97 4 43 10 66 79 51 57 84 58 5 70 87 77 12 31 82 27 3 89 93 99 36 63 92 38 59 21 25 76 30 60 0 26 69 67 32 41 68 96 64 85 98 8 86 56 61 2 73 75 39 88 71 40 1 18 90 65 29 23 35 22 53 9 54 15 28 45 49 81 72 94 42 46 14 52 62 33 95 55 
