4   Queen   1 3 0 2 
5   Queen   2 4 1 3 0 
6   Queen   1 3 5 0 2 4 
7   Queen   3 5 0 2 4 6 1 
8   Queen   2 4 1 7 0 6 3 5 
9   Queen   7 5 2 8 6 0 3 1 4 
10   Queen   5 1 8 6 2 9 7 4 0 3 
11   Queen   7 2 6 9 1 10 5 3 8 0 4 
12   Queen   8 3 9 4 2 0 10 6 11 5 7 1 
13   Queen   7 4 11 9 5 1 10 12 0 2 8 6 3 
14   Queen   7 5 1 11 4 6 9 12 2 0 3 13 8 10 
15   Queen   3 13 7 12 8 0 14 4 2 9 6 10 1 11 5 
16   Queen   12 5 7 1 11 15 8 4 0 10 13 2 6 9 3 14 
17   Queen   2 13 3 7 12 16 0 5 11 15 1 6 8 10 4 14 9 
18   Queen   4 7 10 0 5 15 8 16 13 2 6 11 3 12 17 9 14 1 
19   Queen   8 2 9 15 3 10 16 18 6 11 0 5 1 13 17 12 7 4 14 
20   Queen   18 14 6 3 10 8 16 4 13 0 17 19 7 12 2 11 1 15 5 9 
21   Queen   19 2 8 10 20 15 11 18 6 3 12 4 16 5 17 14 0 13 9 7 1 
22   Queen   1 9 2 16 11 7 10 21 18 14 4 20 8 0 13 6 19 5 15 17 12 3 
23   Queen   22 3 14 0 19 13 5 7 1 16 21 9 17 2 20 18 12 4 8 11 15 6 10 
24   Queen   21 1 12 7 13 20 2 0 16 23 9 18 4 15 8 3 19 22 5 17 10 6 11 14 
25   Queen   18 15 0 16 5 1 9 7 12 24 2 17 20 22 11 8 23 19 4 10 14 6 21 3 13 
26   Queen   9 17 6 25 2 12 5 0 18 14 22 19 7 16 8 1 4 23 15 20 11 21 24 13 3 10 
27   Queen   21 19 10 16 20 9 23 3 1 14 25 0 26 5 13 18 6 15 12 7 22 4 17 8 24 11 2 
28   Queen   14 16 24 0 21 4 6 9 3 1 18 12 8 23 25 20 22 7 11 2 27 19 26 10 13 5 17 15 
29   Queen   14 8 13 22 1 25 12 5 21 18 6 28 7 23 3 16 24 9 20 4 0 11 26 10 17 19 2 15 27 
30   Queen   17 27 13 8 25 0 18 7 2 12 16 20 22 10 4 28 3 24 14 23 5 29 15 21 6 11 1 26 19 9 
31   Queen   6 8 12 2 26 20 18 21 9 13 23 30 15 24 1 3 5 17 14 28 22 29 4 0 7 10 19 11 25 27 16 
32   Queen   20 14 21 19 5 16 13 28 3 8 22 1 6 27 12 18 26 10 7 11 4 29 31 23 15 30 2 24 9 25 17 0 
33   Queen   30 19 10 3 32 8 15 11 6 0 24 5 28 20 25 12 29 27 17 7 21 4 9 1 13 18 2 23 14 31 22 26 16 
34   Queen   1 5 11 31 12 26 24 14 18 6 4 28 10 32 13 17 7 33 23 30 0 21 25 29 9 15 2 19 16 22 8 27 3 20 
35   Queen   22 26 12 8 13 4 6 34 24 16 21 29 25 0 2 5 7 19 11 33 14 18 23 27 32 17 9 3 31 15 28 20 1 10 30 
36   Queen   4 25 3 13 32 27 23 14 31 15 5 8 33 22 16 28 9 20 0 19 7 35 30 34 10 17 24 1 18 12 29 2 21 11 6 26 
37   Queen   14 11 30 33 12 18 24 10 7 26 32 16 8 0 25 4 22 29 6 3 17 36 31 27 2 15 21 1 35 5 13 23 34 19 28 20 9 
38   Queen   21 27 12 16 22 29 33 4 1 24 2 6 28 11 37 32 15 3 25 31 5 9 0 19 13 34 20 8 30 35 14 18 23 36 7 10 26 17 
39   Queen   29 7 34 15 11 1 8 20 38 23 33 28 12 24 3 5 32 36 27 14 18 26 13 2 17 6 30 37 0 21 4 9 35 16 10 19 22 31 25 
40   Queen   16 24 35 9 31 22 34 26 1 4 18 0 27 7 5 3 37 29 38 15 25 21 33 8 14 23 39 2 32 12 6 28 11 17 20 36 13 10 30 19 
41   Queen   2 20 39 13 32 0 36 31 9 17 24 14 21 38 40 37 34 11 6 10 27 1 18 16 8 30 5 19 28 33 29 12 3 15 23 25 22 35 7 26 4 
42   Queen   11 16 21 17 28 35 33 23 37 15 0 39 6 9 27 14 26 34 36 8 5 13 22 3 19 12 38 29 31 4 1 7 25 2 32 40 24 18 10 30 41 20 
43   Queen   27 18 8 22 32 25 6 21 15 0 34 36 20 39 12 19 2 16 3 40 31 1 9 41 37 35 29 42 7 11 24 14 33 17 23 28 26 5 10 4 13 38 30 
44   Queen   37 21 0 15 25 1 11 8 18 31 29 36 43 19 42 38 3 28 34 4 24 14 16 5 7 9 35 40 30 17 27 39 22 32 41 6 13 26 33 12 10 2 20 23 
45   Queen   28 2 8 34 29 25 9 22 27 30 24 40 7 23 4 37 15 3 5 36 43 1 20 31 0 19 42 11 17 38 35 44 39 33 12 6 13 41 26 21 10 32 14 16 18 
46   Queen   13 35 4 17 30 26 33 0 11 3 45 19 32 24 42 31 7 21 14 28 5 44 29 40 25 20 1 6 43 41 18 36 10 39 23 34 22 27 38 15 12 2 8 16 9 37 
47   Queen   4 17 15 0 25 45 33 31 23 27 13 19 35 44 21 10 42 36 14 2 6 43 22 1 38 12 46 16 5 34 41 37 24 8 18 7 29 39 28 9 20 32 40 11 26 30 3 
48   Queen   11 13 21 29 42 26 47 22 0 31 28 5 14 37 20 24 3 46 2 17 10 35 27 12 40 16 1 44 23 39 30 34 15 41 8 32 7 38 45 9 18 4 19 36 25 33 6 43 
49   Queen   40 37 33 5 23 31 41 30 26 17 13 44 1 4 10 0 43 29 32 3 25 46 22 9 6 45 16 2 34 27 24 35 47 28 14 48 7 36 39 18 12 19 11 8 20 42 38 21 15 
50   Queen   44 17 33 26 11 47 0 3 29 14 1 38 7 48 16 24 5 31 37 49 6 20 35 41 46 18 2 42 8 21 28 32 40 12 45 25 4 43 15 23 27 10 39 13 22 9 19 30 36 34 
51   Queen   2 20 26 4 46 39 24 3 29 9 13 22 40 49 18 14 30 44 8 45 0 50 19 36 1 31 42 11 48 7 37 23 25 41 17 5 12 10 32 6 15 28 21 34 16 27 35 33 43 47 38 
52   Queen   44 0 29 51 8 14 34 20 25 19 43 41 9 47 28 11 18 24 2 40 10 37 48 45 32 13 50 38 46 49 7 26 17 6 21 27 36 42 12 30 5 39 35 3 22 16 1 4 23 15 33 31 
53   Queen   17 8 35 48 6 41 21 27 52 38 18 3 7 40 12 34 20 33 39 24 43 46 16 29 5 49 13 45 42 11 2 10 1 22 44 23 9 36 28 51 4 15 19 26 47 31 37 32 0 50 25 14 30 
54   Queen   25 34 7 45 43 46 30 26 23 31 3 17 14 36 41 0 44 51 4 19 52 8 39 21 40 9 15 35 37 47 2 42 20 13 29 10 50 6 32 49 53 1 12 16 22 11 38 24 27 48 33 18 28 5 
55   Queen   51 39 16 44 3 8 52 1 13 24 33 9 45 41 14 31 23 46 26 37 11 2 19 43 50 10 36 40 53 0 34 6 27 15 21 7 32 49 12 22 42 4 18 35 28 54 25 48 5 38 20 29 17 30 47 
56   Queen   26 51 35 20 28 13 37 42 21 24 9 49 1 8 43 52 12 53 16 44 41 32 22 39 15 6 46 54 40 7 17 10 55 18 4 29 19 5 2 11 45 34 48 3 47 31 36 27 23 50 38 33 25 30 0 14 
57   Queen   18 10 51 35 50 12 27 38 7 21 49 36 29 11 44 37 26 9 46 3 23 41 48 8 15 4 14 24 52 31 16 1 25 39 0 54 32 19 6 43 56 42 55 5 34 53 40 2 13 20 17 28 47 22 30 33 45 
58   Queen   34 22 53 51 35 43 55 2 5 28 40 18 44 52 16 42 4 15 9 23 20 37 50 10 47 38 12 33 39 54 48 13 41 3 19 8 11 27 30 6 1 25 45 36 56 14 29 57 26 21 49 0 17 24 31 7 32 46 
59   Queen   16 54 44 25 49 35 18 14 0 38 29 2 58 52 13 28 41 17 4 7 21 8 42 56 47 20 23 53 34 1 39 5 50 43 3 15 12 31 22 24 48 11 57 46 37 27 51 30 26 45 6 40 33 55 19 32 10 36 9 
60   Queen   40 31 3 15 39 37 48 43 2 53 25 50 10 33 41 21 5 34 11 4 54 59 9 42 57 51 7 58 49 19 29 35 28 8 18 32 46 0 52 44 16 12 22 1 27 47 23 55 30 14 36 17 6 20 45 24 56 13 26 38 
61   Queen   6 41 31 37 18 42 4 30 53 45 60 32 51 39 16 23 5 55 11 34 24 54 13 2 59 7 58 38 3 29 48 8 27 46 33 25 12 44 50 17 49 0 9 14 47 26 56 15 20 1 36 52 22 40 28 35 21 19 43 10 57 
62   Queen   22 15 54 26 30 4 27 40 6 60 17 7 20 37 53 5 45 42 12 19 48 59 23 35 16 18 58 43 3 44 61 41 21 52 14 39 56 28 8 57 46 38 0 9 55 10 32 50 1 51 33 13 24 34 49 11 25 31 36 47 2 29 
63   Queen   22 18 40 26 62 48 53 56 3 41 29 13 24 19 2 59 32 50 7 12 20 35 30 38 11 9 44 58 52 55 51 42 5 36 17 60 46 1 45 15 31 61 4 21 34 0 14 43 28 6 8 37 27 47 23 54 16 49 10 57 39 33 25 
64   Queen   37 35 58 17 51 43 13 33 24 14 29 20 32 49 4 19 45 9 40 6 48 63 21 54 18 10 28 2 39 46 57 15 53 36 7 47 27 60 62 52 38 30 11 23 5 0 34 3 16 50 26 8 22 61 25 41 1 31 55 59 56 12 44 42 
65   Queen   52 4 58 46 15 45 29 31 17 44 2 10 53 28 19 54 18 6 37 12 56 51 20 39 50 62 3 40 38 60 9 49 8 24 14 23 11 0 16 5 41 27 36 47 64 26 42 55 13 7 33 63 21 43 61 22 30 25 1 59 57 32 35 48 34 
66   Queen   7 38 40 15 37 6 31 10 27 60 5 59 34 30 45 49 20 9 42 21 65 57 0 22 14 51 61 36 39 26 2 18 50 1 54 48 29 19 43 12 55 32 58 23 4 8 25 11 46 63 24 28 62 53 35 17 64 33 41 16 44 47 56 52 13 3 
67   Queen   43 64 13 49 4 33 35 3 17 31 12 62 47 50 28 40 37 15 57 7 10 0 32 27 55 51 25 61 46 5 63 6 45 53 2 22 44 11 54 58 9 48 26 23 1 39 16 52 19 34 8 18 30 65 36 56 29 21 14 42 66 20 59 24 41 60 38 
68   Queen   27 32 34 17 60 9 22 25 48 51 38 28 56 65 61 10 31 40 44 54 41 3 0 7 11 62 64 19 53 2 20 67 13 39 43 59 4 45 29 49 1 24 12 15 57 8 58 46 23 47 26 52 37 30 5 14 36 6 16 55 63 66 50 42 35 21 18 33 
69   Queen   29 42 25 35 68 44 63 28 32 61 26 65 59 18 45 15 41 9 48 0 34 31 56 38 1 60 64 6 16 5 67 58 50 8 24 20 47 30 10 40 66 39 11 62 7 2 17 27 14 52 23 13 43 3 37 49 12 54 36 55 21 4 22 33 46 51 53 19 57 
70   Queen   40 46 58 3 29 2 64 54 27 5 61 20 42 49 38 63 22 7 9 23 6 37 17 25 32 12 65 28 62 56 51 14 55 1 39 53 67 26 15 68 11 35 41 36 57 60 4 59 24 19 48 43 30 16 21 34 66 10 69 33 44 13 50 45 0 31 47 52 18 8 
71   Queen   24 38 7 26 32 39 28 47 54 63 1 10 37 62 21 70 12 59 19 33 51 57 69 66 68 0 53 31 25 55 36 11 35 22 49 3 46 20 67 17 60 4 61 8 6 2 18 14 42 58 9 30 16 65 56 40 43 23 50 29 5 13 15 34 52 41 27 48 45 64 44 
72   Queen   26 31 34 14 71 40 13 28 47 12 64 29 48 41 2 32 53 66 9 18 70 61 67 7 10 39 20 51 44 33 27 54 52 58 4 57 17 5 43 68 3 8 19 16 22 11 25 21 0 59 46 36 45 35 23 55 65 1 60 42 49 62 38 69 15 37 56 6 30 24 50 63 
73   Queen   54 36 19 32 49 20 52 45 2 21 53 15 35 23 14 42 27 47 13 50 59 57 7 0 44 51 1 68 16 30 72 39 8 29 62 69 61 9 70 6 26 60 25 34 43 48 4 71 3 41 66 5 31 33 18 37 58 46 24 64 67 12 22 28 17 10 56 65 38 11 63 55 40 
74   Queen   38 40 28 34 58 56 36 27 20 51 47 68 31 18 35 39 62 65 32 4 61 8 3 45 0 7 41 70 17 69 26 59 23 25 13 53 72 66 54 9 67 12 49 16 30 48 6 24 15 37 33 60 42 46 22 10 64 52 57 5 73 19 63 43 11 71 29 2 21 1 44 55 50 14 
75   Queen   27 50 18 39 45 42 29 26 30 49 70 66 7 47 2 58 34 28 22 73 41 13 61 43 38 53 56 21 4 10 74 62 14 46 35 64 0 63 6 72 19 15 44 33 51 25 71 24 9 16 3 54 67 65 60 48 11 32 68 5 31 20 1 12 8 23 57 17 52 55 40 37 69 36 59 
76   Queen   23 31 40 71 35 13 21 51 26 8 46 60 45 33 61 55 19 3 72 6 44 42 54 17 38 25 7 22 67 14 57 74 69 12 75 64 5 11 15 52 32 39 58 4 0 20 37 56 50 68 34 10 30 2 59 65 62 24 70 63 48 43 73 16 28 66 49 29 18 9 41 36 1 53 47 27 
77   Queen   55 3 64 43 9 54 45 15 46 41 47 27 72 5 25 61 26 39 76 73 7 28 49 65 53 23 56 8 19 70 44 59 38 36 10 2 0 50 57 13 18 74 31 58 17 20 14 33 71 69 67 35 11 32 24 12 16 51 6 63 40 1 52 48 60 66 75 62 37 22 42 4 30 34 29 68 21 
78   Queen   46 56 26 37 35 24 32 55 68 27 59 9 19 36 16 1 11 25 40 2 5 31 64 75 39 29 7 57 44 3 66 71 41 74 34 73 28 54 65 53 69 20 70 10 4 6 42 38 17 50 21 63 14 58 13 49 67 77 22 72 15 18 51 62 52 30 8 33 61 12 0 48 45 76 23 43 60 47 
79   Queen   24 54 31 34 49 74 23 27 14 68 38 16 7 4 53 5 19 42 51 33 76 71 18 41 75 72 52 15 66 69 43 13 6 67 36 56 73 46 37 11 26 77 12 70 17 0 10 63 9 57 8 35 29 32 65 59 48 25 45 28 2 61 1 44 20 30 78 60 62 21 55 22 39 3 50 64 47 40 58 
80   Queen   0 73 34 44 18 50 36 60 29 74 25 45 37 5 49 38 65 28 15 79 7 4 24 31 20 64 59 63 75 77 58 69 27 32 9 66 55 23 42 57 8 30 52 70 51 39 6 67 54 71 43 68 78 26 21 14 12 47 3 17 13 46 10 1 35 56 16 11 19 41 22 76 53 61 72 2 33 40 62 48 
81   Queen   35 62 80 36 9 39 50 43 6 51 60 1 19 12 15 53 8 40 78 76 26 45 54 79 67 74 21 37 65 16 58 7 71 42 0 13 17 34 68 61 57 24 73 46 5 22 48 27 77 3 23 59 70 64 18 69 72 2 25 28 75 52 30 56 20 47 66 63 11 32 41 33 14 4 31 10 55 49 29 44 38 
82   Queen   31 74 37 63 48 62 72 28 51 6 61 35 29 3 18 10 68 75 65 17 13 67 27 41 34 40 25 54 66 8 42 81 38 7 11 69 32 59 39 79 20 22 53 56 4 16 60 70 78 1 5 80 30 21 46 55 0 19 15 50 26 36 49 45 71 14 24 2 77 52 58 9 44 76 33 12 43 47 23 73 64 57 
83   Queen   10 63 21 47 28 38 40 60 75 31 26 66 72 11 71 44 56 16 12 77 17 42 3 69 14 57 53 81 43 5 15 45 70 6 18 80 37 50 13 9 4 78 65 74 49 33 54 7 1 32 61 79 23 73 34 0 24 8 58 55 62 48 29 35 22 39 59 46 2 51 25 19 64 30 36 52 67 20 27 82 41 76 68 
84   Queen   57 49 75 32 40 43 17 20 31 62 11 27 5 71 23 25 38 51 68 26 67 70 24 29 0 53 80 48 60 18 42 3 76 16 19 74 15 78 83 44 22 1 13 46 61 36 73 77 10 69 64 59 4 72 50 41 9 35 45 54 33 79 66 37 58 8 81 2 52 7 28 63 39 34 6 56 21 65 12 47 55 14 30 82 
85   Queen   11 42 39 53 5 54 16 43 77 67 30 4 57 41 81 48 76 74 83 28 18 13 46 19 50 32 64 69 51 37 35 71 20 3 15 38 10 68 84 33 8 73 29 70 7 61 80 6 60 31 65 24 52 59 34 44 75 82 9 58 22 0 79 23 17 12 45 62 26 1 27 36 49 63 78 25 2 21 56 14 47 72 66 55 40 
86   Queen   14 34 47 40 27 49 79 31 73 36 52 82 16 39 81 17 32 55 1 6 60 84 65 51 2 66 76 42 83 10 12 78 62 46 69 24 22 71 26 11 50 5 19 41 63 18 77 59 56 67 7 80 45 15 28 64 61 9 57 8 13 4 58 74 35 21 72 33 75 20 0 30 3 23 53 43 37 68 48 54 70 44 85 29 38 25 
87   Queen   63 74 30 49 5 41 39 54 66 11 47 8 6 4 76 21 85 33 59 57 24 65 62 35 73 43 14 80 15 18 69 31 84 38 51 0 3 71 13 48 64 40 12 23 52 67 75 78 16 56 82 44 37 7 79 28 22 10 53 70 86 9 72 77 1 26 58 50 83 29 68 2 46 36 45 61 55 17 25 34 42 19 32 27 60 81 20 
88   Queen   6 63 23 45 76 74 46 86 1 58 18 48 78 20 5 41 25 51 43 72 67 36 50 42 21 30 24 0 71 40 80 3 84 79 9 73 87 85 83 8 35 59 31 53 7 57 60 47 81 66 38 75 29 56 32 77 10 70 2 12 22 17 14 65 13 52 26 68 62 34 37 54 33 11 44 49 19 27 82 4 39 61 15 64 55 16 28 69 
89   Queen   28 34 63 43 46 19 65 78 11 64 70 29 25 1 67 87 9 49 35 40 47 31 4 32 82 8 23 14 75 48 69 51 58 39 36 26 2 71 88 62 24 53 73 84 79 12 16 85 77 86 13 56 44 15 22 54 42 81 66 20 76 61 27 37 41 72 45 21 6 50 74 60 3 18 59 55 52 10 68 38 17 5 80 30 0 33 57 83 7 
90   Queen   53 45 32 61 24 22 30 28 57 68 33 82 12 2 49 5 62 72 26 89 18 34 0 65 15 43 69 78 13 58 86 38 70 17 20 87 63 77 60 73 51 35 37 47 80 6 11 14 4 54 56 84 66 7 79 29 88 83 67 3 10 25 81 46 74 27 9 44 55 48 71 59 64 76 23 8 75 36 16 21 52 1 39 85 31 19 41 50 40 42 
91   Queen   43 41 63 36 31 44 32 60 58 87 76 74 5 81 13 25 62 34 73 15 42 39 9 30 6 45 71 89 4 86 78 83 16 69 12 38 90 7 23 51 1 33 65 14 68 56 77 53 80 70 54 37 17 27 49 0 75 85 66 84 57 61 10 29 18 40 64 20 8 26 19 22 11 67 88 2 35 82 21 46 59 3 55 52 72 48 50 47 79 24 28 
92   Queen   56 12 44 60 48 4 72 74 18 6 26 79 83 88 3 8 49 66 25 23 51 86 82 45 75 80 40 46 16 10 54 84 71 58 62 27 34 0 90 22 17 70 78 63 9 77 30 2 50 67 32 7 89 33 5 81 69 53 36 38 61 31 57 11 73 14 1 20 85 19 64 29 41 39 15 43 76 37 24 65 13 42 87 68 55 91 59 21 47 28 52 35 
93   Queen   73 48 26 37 63 38 52 11 79 83 90 22 68 40 0 67 3 43 32 87 49 81 29 61 42 50 31 92 17 66 46 76 6 23 82 54 75 4 10 74 53 44 84 18 20 25 8 88 56 13 5 30 62 70 86 91 65 77 14 12 72 27 16 2 64 47 51 24 89 21 69 59 7 36 55 33 60 9 19 85 71 15 1 78 57 35 45 80 39 58 28 34 41 
94   Queen   12 42 66 52 4 45 34 49 31 40 44 8 26 70 17 77 63 68 92 13 88 76 67 19 43 0 35 47 86 46 36 60 85 79 61 71 69 53 33 20 62 93 5 1 82 24 78 30 74 11 80 29 59 23 65 10 2 56 83 39 28 3 54 84 51 21 90 6 72 9 75 25 15 64 7 57 27 50 91 14 73 89 41 81 16 22 87 48 32 55 38 18 37 58 
95   Queen   66 62 57 94 34 68 75 4 50 71 24 36 48 12 65 47 28 44 53 10 76 64 92 69 0 85 63 1 37 2 88 60 38 22 49 52 67 87 40 86 8 74 7 91 89 11 21 6 26 35 55 72 90 56 77 13 51 20 80 41 9 14 54 73 83 61 84 78 25 39 70 58 27 33 30 23 19 93 16 3 42 82 46 5 17 79 31 15 32 43 59 81 29 18 45 
96   Queen   38 33 53 3 59 24 2 67 52 45 47 65 91 55 17 73 51 56 30 94 44 61 74 89 28 58 15 48 57 77 80 11 4 64 68 0 9 62 60 1 93 12 85 7 34 71 92 39 76 72 29 66 43 70 36 14 25 32 19 75 20 10 8 41 82 95 49 87 23 83 69 13 79 21 27 88 50 63 54 46 78 37 5 26 16 86 6 81 90 84 40 31 22 18 35 42 
97   Queen   36 25 48 59 41 38 81 35 31 28 60 45 61 5 20 26 90 68 76 8 51 17 85 55 64 93 53 24 29 54 39 84 71 47 79 37 80 91 95 52 0 11 4 10 19 67 12 88 69 6 18 58 46 33 7 75 82 43 96 15 42 44 70 78 13 2 16 22 40 21 73 56 3 63 92 1 23 87 14 50 57 74 66 62 72 89 9 65 83 94 34 49 30 32 27 86 77 
98   Queen   37 60 23 61 27 33 12 45 0 13 74 89 59 55 58 32 86 79 97 94 69 36 83 95 49 34 77 56 39 15 76 22 88 17 41 57 71 51 2 7 20 46 81 38 87 6 19 78 8 5 47 91 62 10 80 21 92 29 35 26 50 30 70 65 96 44 16 11 84 72 9 3 68 31 48 93 18 40 67 1 28 66 64 53 14 73 4 24 63 54 90 85 75 42 25 82 43 52 
99   Queen   76 85 38 40 73 55 29 93 75 21 13 37 26 45 36 22 16 90 56 23 71 92 83 44 63 4 42 19 27 49 94 18 78 95 47 68 89 10 33 79 74 86 12 72 96 0 77 65 34 60 15 57 11 97 2 51 98 7 35 20 24 91 81 53 32 8 28 50 17 1 61 59 48 66 30 80 84 3 14 88 31 70 62 54 82 5 9 39 46 52 43 58 64 87 41 69 6 25 67 
100   Queen   70 11 25 16 58 81 87 43 37 62 19 41 1 63 29 40 7 0 82 39 10 69 91 3 48 26 75 30 67 97 68 74 90 95 15 53 88 44 93 84 38 23 77 17 60 21 86 89 85 4 47 22 54 99 73 66 28 57 31 52 94 6 46 2 76 12 80 8 14 61 64 36 78 42 51 5 98 33 18 83 55 35 20 9 34 27 71 92 96 59 13 50 45 79 72 56 24 32 49 65 
