4   Queen   1 3 0 2 
5   Queen   0 2 4 1 3 
6   Queen   1 3 5 0 2 4 
7   Queen   5 2 6 3 0 4 1 
8   Queen   2 0 6 4 7 1 3 5 
9   Queen   4 2 5 8 1 7 0 3 6 
10   Queen   3 6 4 9 1 5 7 2 0 8 
11   Queen   8 6 2 10 1 4 0 3 9 7 5 
12   Queen   9 6 8 0 4 1 7 10 3 11 2 5 
13   Queen   1 8 6 9 3 10 0 4 11 7 12 2 5 
14   Queen   9 1 10 2 7 12 4 0 13 11 5 8 6 3 
15   Queen   10 1 4 9 13 0 2 6 11 7 14 12 3 5 8 
16   Queen   1 10 5 9 4 0 13 15 12 8 3 7 14 2 11 6 
17   Queen   0 5 13 6 1 14 8 15 9 3 16 2 4 11 7 10 12 
18   Queen   10 4 13 3 8 2 5 15 17 0 11 16 14 6 9 1 12 7 
19   Queen   2 12 10 3 16 4 9 14 17 15 7 0 6 1 5 13 11 18 8 
20   Queen   7 16 3 8 2 19 12 18 1 17 10 5 11 15 0 4 6 13 9 14 
21   Queen   6 13 3 12 7 4 16 5 8 1 15 18 20 17 10 2 11 19 0 9 14 
22   Queen   20 12 9 6 8 18 0 3 16 19 11 4 21 5 13 17 14 2 7 10 15 1 
23   Queen   13 11 14 0 3 6 8 22 16 1 10 17 21 18 4 19 9 20 12 7 15 2 5 
24   Queen   9 7 12 3 18 22 17 11 23 21 5 0 8 15 2 20 10 16 1 6 4 13 19 14 
25   Queen   4 16 23 17 5 13 22 3 6 12 19 2 14 20 24 8 0 7 1 11 15 10 21 9 18 
26   Queen   1 15 24 6 25 9 11 13 7 18 20 2 10 5 22 4 23 17 14 21 3 0 16 8 19 12 
27   Queen   18 10 19 16 26 2 6 21 7 0 4 22 13 3 17 8 11 15 25 23 9 5 24 1 20 12 14 
28   Queen   27 3 5 14 18 10 12 2 16 26 9 21 19 25 6 1 7 11 22 20 17 0 4 13 24 8 15 23 
29   Queen   3 19 11 8 24 17 2 9 6 23 14 22 25 13 7 4 1 27 0 16 10 28 21 15 5 26 20 18 12 
