2019年 04月 06日 星期六 17:23:11 CST
[1;31;40mAVER         100	      0.00	      0.00	    611.00	
[1;31;40mAVER         100	      0.00	      0.00	    581.00	
[1;31;40mAVER         100	      0.00	      0.00	    591.00	
[1;31;40mAVER         100	      0.00	      0.00	    569.00	
[1;31;40mAVER         100	      0.00	      0.00	    591.00	
[1;31;40mAVER         100	      0.00	      0.00	    751.00	
[1;31;40mAVER         100	      0.00	      0.00	    592.00	
[1;31;40mAVER         100	      0.00	      0.00	    762.00	
[1;31;40mAVER         100	      0.00	      0.00	    774.00	
[1;31;40mAVER         100	      0.00	      0.00	    764.00	
[1;31;40mAVER         100	      0.00	      0.00	    735.00	
[1;31;40mAVER         100	      0.00	      0.00	    580.00	
[1;31;40mAVER         100	      0.00	      0.00	    759.00	
[1;31;40mAVER         100	      0.00	      0.00	    590.00	
[1;31;40mAVER         100	      0.00	      0.00	    578.00	
[1;31;40mAVER         100	      0.00	      0.00	    751.00	
[1;31;40mAVER         100	      0.00	      0.00	    756.00	
[1;31;40mAVER         100	      0.00	      1.00	   1089.00	
[1;31;40mAVER         100	      0.00	      0.00	    782.00	
[1;31;40mAVER         100	      0.00	      0.00	    776.00	
[1;31;40mAVER         200	      0.00	      0.00	    651.00	
[1;31;40mAVER         200	      0.00	      0.00	    660.00	
[1;31;40mAVER         200	      0.00	      0.00	    658.00	
[1;31;40mAVER         200	      0.00	      0.00	    666.00	
[1;31;40mAVER         200	      0.00	      0.00	    657.00	
[1;31;40mAVER         200	      0.00	      0.00	    667.00	
[1;31;40mAVER         200	      0.00	      0.00	    666.00	
[1;31;40mAVER         200	      0.00	      0.00	    837.00	
[1;31;40mAVER         200	      0.00	      0.00	    657.00	
[1;31;40mAVER         200	      0.00	      0.00	    656.00	
[1;31;40mAVER         200	      0.00	      0.00	    828.00	
[1;31;40mAVER         200	      0.00	      0.00	    796.00	
[1;31;40mAVER         200	      0.00	      0.00	    660.00	
[1;31;40mAVER         200	      0.00	      0.00	    822.00	
[1;31;40mAVER         200	      0.00	      0.00	    879.00	
[1;31;40mAVER         200	      0.00	      0.00	    667.00	
[1;31;40mAVER         200	      0.00	      0.00	    664.00	
[1;31;40mAVER         200	      0.00	      0.00	    667.00	
[1;31;40mAVER         200	      0.00	      0.00	    704.00	
[1;31;40mAVER         200	      0.00	      0.00	    665.00	
[1;31;40mAVER         300	      0.00	      1.00	   1165.00	
[1;31;40mAVER         300	      0.00	      1.00	   1420.00	
[1;31;40mAVER         300	      0.00	      1.00	   1325.00	
[1;31;40mAVER         300	      0.00	      1.00	   1431.00	
[1;31;40mAVER         300	      0.00	      1.00	   1406.00	
[1;31;40mAVER         300	      0.00	      1.00	   1463.00	
[1;31;40mAVER         300	      0.00	      1.00	   1163.00	
[1;31;40mAVER         300	      0.00	      1.00	   1402.00	
[1;31;40mAVER         300	      0.00	      1.00	   1182.00	
[1;31;40mAVER         300	      0.00	      1.00	   1430.00	
[1;31;40mAVER         300	      0.00	      1.00	   1182.00	
[1;31;40mAVER         300	      0.00	      1.00	   1143.00	
[1;31;40mAVER         300	      0.00	      1.00	   1163.00	
[1;31;40mAVER         300	      0.00	      1.00	   1169.00	
[1;31;40mAVER         300	      0.00	      1.00	   1418.00	
[1;31;40mAVER         300	      0.00	      1.00	   1159.00	
[1;31;40mAVER         300	      0.00	      1.00	   1152.00	
[1;31;40mAVER         300	      0.00	      1.00	   1149.00	
[1;31;40mAVER         300	      0.00	      1.00	   1158.00	
[1;31;40mAVER         300	      0.00	      1.00	   1425.00	
[1;31;40mAVER         400	      0.00	      1.00	   1269.00	
[1;31;40mAVER         400	      0.00	      1.00	   1233.00	
[1;31;40mAVER         400	      0.00	      1.00	   1550.00	
[1;31;40mAVER         400	      0.00	      1.00	   1481.00	
[1;31;40mAVER         400	      0.00	      1.00	   1232.00	
[1;31;40mAVER         400	      0.00	      1.00	   1386.00	
[1;31;40mAVER         400	      0.00	      1.00	   1263.00	
[1;31;40mAVER         400	      0.00	      1.00	   1141.00	
[1;31;40mAVER         400	      0.00	      1.00	   1117.00	
[1;31;40mAVER         400	      0.00	      1.00	   1234.00	
[1;31;40mAVER         400	      0.00	      1.00	   1269.00	
[1;31;40mAVER         400	      0.00	      1.00	   1215.00	
[1;31;40mAVER         400	      0.00	      1.00	   1224.00	
[1;31;40mAVER         400	      0.00	      1.00	   1216.00	
[1;31;40mAVER         400	      0.00	      1.00	   1135.00	
[1;31;40mAVER         400	      0.00	      1.00	   1233.00	
[1;31;40mAVER         400	      0.00	      1.00	   1219.00	
[1;31;40mAVER         400	      0.00	      1.00	   1261.00	
[1;31;40mAVER         400	      0.00	      1.00	   1480.00	
[1;31;40mAVER         400	      0.00	      1.00	   1227.00	
[1;31;40mAVER         500	      0.00	      1.00	   1815.00	
[1;31;40mAVER         500	      0.00	      1.00	   1302.00	
[1;31;40mAVER         500	      0.00	      1.00	   1571.00	
[1;31;40mAVER         500	      0.00	      1.00	   1544.00	
[1;31;40mAVER         500	      0.00	      1.00	   1286.00	
[1;31;40mAVER         500	      0.00	      1.00	   1533.00	
[1;31;40mAVER         500	      0.00	      1.00	   1279.00	
[1;31;40mAVER         500	      0.00	      1.00	   1285.00	
[1;31;40mAVER         500	      0.00	      1.00	   1282.00	
[1;31;40mAVER         500	      0.00	      1.00	   1216.00	
[1;31;40mAVER         500	      0.00	      1.00	   1870.00	
[1;31;40mAVER         500	      0.00	      1.00	   1288.00	
[1;31;40mAVER         500	      0.00	      1.00	   1555.00	
[1;31;40mAVER         500	      0.00	      1.00	   1271.00	
[1;31;40mAVER         500	      0.00	      1.00	   1540.00	
[1;31;40mAVER         500	      0.00	      1.00	   1448.00	
[1;31;40mAVER         500	      0.00	      1.00	   1291.00	
[1;31;40mAVER         500	      0.00	      1.00	   1355.00	
[1;31;40mAVER         500	      0.00	      1.00	   1289.00	
[1;31;40mAVER         500	      0.00	      1.00	   1306.00	
[1;31;40mAVER         600	      0.00	      1.00	   1290.00	
[1;31;40mAVER         600	      0.00	      1.00	   1630.00	
[1;31;40mAVER         600	      0.00	      1.00	   1616.00	
[1;31;40mAVER         600	      0.00	      1.00	   1370.00	
[1;31;40mAVER         600	      0.00	      1.00	   1345.00	
[1;31;40mAVER         600	      0.00	      1.00	   1368.00	
[1;31;40mAVER         600	      0.00	      1.00	   1230.00	
[1;31;40mAVER         600	      0.00	      1.00	   1397.00	
[1;31;40mAVER         600	      0.00	      1.00	   1365.00	
[1;31;40mAVER         600	      0.00	      1.00	   1197.00	
[1;31;40mAVER         600	      0.00	      2.00	   2987.00	
[1;31;40mAVER         600	      0.00	      1.00	   1292.00	
[1;31;40mAVER         600	      0.00	      1.00	   1373.00	
[1;31;40mAVER         600	      0.00	      1.00	   1261.00	
[1;31;40mAVER         600	      0.00	      1.00	   1307.00	
[1;31;40mAVER         600	      0.00	      1.00	   1256.00	
[1;31;40mAVER         600	      0.00	      1.00	   1645.00	
[1;31;40mAVER         600	      0.00	      1.00	   1371.00	
[1;31;40mAVER         600	      0.00	      1.00	   1487.00	
[1;31;40mAVER         600	      0.00	      1.00	   1208.00	
[1;31;40mAVER         700	      0.00	      1.00	   1405.00	
[1;31;40mAVER         700	      0.00	      1.00	   1248.00	
[1;31;40mAVER         700	      0.00	      1.00	   1284.00	
[1;31;40mAVER         700	      0.00	      1.00	   1418.00	
[1;31;40mAVER         700	      0.00	      1.00	   1420.00	
[1;31;40mAVER         700	      0.00	      1.00	   1709.00	
[1;31;40mAVER         700	      0.00	      1.00	   1679.00	
[1;31;40mAVER         700	      0.00	      1.00	   1581.00	
[1;31;40mAVER         700	      0.00	      1.00	   1402.00	
[1;31;40mAVER         700	      0.00	      1.00	   1446.00	
[1;31;40mAVER         700	      0.00	      1.00	   1418.00	
[1;31;40mAVER         700	      0.00	      1.00	   1679.00	
[1;31;40mAVER         700	      0.00	      1.00	   1457.00	
[1;31;40mAVER         700	      0.00	      1.00	   1407.00	
[1;31;40mAVER         700	      0.00	      1.00	   1422.00	
[1;31;40mAVER         700	      0.00	      1.00	   1437.00	
[1;31;40mAVER         700	      0.00	      1.00	   1675.00	
[1;31;40mAVER         700	      0.00	      1.00	   1696.00	
[1;31;40mAVER         700	      0.00	      1.00	   1676.00	
[1;31;40mAVER         700	      0.00	      1.00	   1690.00	
[1;31;40mAVER         800	      0.00	      1.00	   1513.00	
[1;31;40mAVER         800	      0.00	      1.00	   1610.00	
[1;31;40mAVER         800	      0.00	      1.00	   1495.00	
[1;31;40mAVER         800	      0.00	      1.00	   1740.00	
[1;31;40mAVER         800	      0.00	      1.00	   1490.00	
[1;31;40mAVER         800	      0.00	      1.00	   1470.00	
[1;31;40mAVER         800	      0.00	      1.00	   1488.00	
[1;31;40mAVER         800	      0.00	      1.00	   1732.00	
[1;31;40mAVER         800	      0.00	      1.00	   1491.00	
[1;31;40mAVER         800	      0.00	      1.00	   1488.00	
[1;31;40mAVER         800	      0.00	      1.00	   1756.00	
[1;31;40mAVER         800	      0.00	      1.00	   1486.00	
[1;31;40mAVER         800	      0.00	      1.00	   1358.00	
[1;31;40mAVER         800	      0.00	      1.00	   1494.00	
[1;31;40mAVER         800	      0.00	      1.00	   1554.00	
[1;31;40mAVER         800	      0.00	      1.00	   1733.00	
[1;31;40mAVER         800	      0.00	      1.00	   1726.00	
[1;31;40mAVER         800	      0.00	      1.00	   1501.00	
[1;31;40mAVER         800	      0.00	      1.00	   1487.00	
[1;31;40mAVER         800	      0.00	      1.00	   1752.00	
[1;31;40mAVER         900	      0.00	      1.00	   1541.00	
[1;31;40mAVER         900	      0.00	      1.00	   1561.00	
[1;31;40mAVER         900	      0.00	      1.00	   1540.00	
[1;31;40mAVER         900	      0.00	      1.00	   1483.00	
[1;31;40mAVER         900	      0.00	      1.00	   1538.00	
[1;31;40mAVER         900	      0.00	      1.00	   1462.00	
[1;31;40mAVER         900	      0.00	      1.00	   1555.00	
[1;31;40mAVER         900	      0.00	      1.00	   1672.00	
[1;31;40mAVER         900	      0.00	      1.00	   1551.00	
[1;31;40mAVER         900	      0.00	      1.00	   1554.00	
[1;31;40mAVER         900	      0.00	      1.00	   1738.00	
[1;31;40mAVER         900	      0.00	      1.00	   1411.00	
[1;31;40mAVER         900	      0.00	      1.00	   1483.00	
[1;31;40mAVER         900	      0.00	      1.00	   1565.00	
[1;31;40mAVER         900	      0.00	      1.00	   1543.00	
[1;31;40mAVER         900	      0.00	      1.00	   1400.00	
[1;31;40mAVER         900	      0.00	      1.00	   1550.00	
[1;31;40mAVER         900	      0.00	      1.00	   1555.00	
[1;31;40mAVER         900	      0.00	      1.00	   1553.00	
[1;31;40mAVER         900	      0.00	      1.00	   1604.00	
[1;31;40mAVER        1000	      0.00	      1.00	   1655.00	
[1;31;40mAVER        1000	      0.00	      1.00	   1886.00	
[1;31;40mAVER        1000	      0.00	      1.00	   1611.00	
[1;31;40mAVER        1000	      0.00	      1.00	   1419.00	
[1;31;40mAVER        1000	      0.00	      1.00	   1608.00	
[1;31;40mAVER        1000	      0.00	      1.00	   1503.00	
[1;31;40mAVER        1000	      0.00	      1.00	   1532.00	
[1;31;40mAVER        1000	      0.00	      1.00	   1537.00	
[1;31;40mAVER        1000	      0.00	      1.00	   1790.00	
[1;31;40mAVER        1000	      0.00	      1.00	   1859.00	
[1;31;40mAVER        1000	      0.00	      1.00	   1630.00	
[1;31;40mAVER        1000	      0.00	      1.00	   1531.00	
[1;31;40mAVER        1000	      0.00	      1.00	   1657.00	
[1;31;40mAVER        1000	      0.00	      1.00	   1609.00	
[1;31;40mAVER        1000	      0.00	      1.00	   1668.00	
[1;31;40mAVER        1000	      0.00	      1.00	   1889.00	
[1;31;40mAVER        1000	      0.00	      1.00	   1606.00	
[1;31;40mAVER        1000	      0.00	      1.00	   1619.00	
[1;31;40mAVER        1000	      0.00	      1.00	   1635.00	
[1;31;40mAVER        1000	      0.00	      1.00	   1784.00	
[1;31;40mAVER        2000	      0.00	      2.00	   2264.00	
[1;31;40mAVER        2000	      0.00	      2.00	   2255.00	
[1;31;40mAVER        2000	      0.00	      2.00	   2274.00	
[1;31;40mAVER        2000	      0.00	      2.00	   2281.00	
[1;31;40mAVER        2000	      0.00	      2.00	   2296.00	
[1;31;40mAVER        2000	      0.00	      2.00	   2540.00	
[1;31;40mAVER        2000	      0.00	      2.00	   2551.00	
[1;31;40mAVER        2000	      0.00	      1.00	   1993.00	
[1;31;40mAVER        2000	      0.00	      2.00	   2240.00	
[1;31;40mAVER        2000	      0.00	      2.00	   2547.00	
[1;31;40mAVER        2000	      0.00	      2.00	   2008.00	
[1;31;40mAVER        2000	      0.00	      2.00	   2412.00	
[1;31;40mAVER        2000	      0.00	      2.00	   2193.00	
[1;31;40mAVER        2000	      0.00	      2.00	   2139.00	
[1;31;40mAVER        2000	      0.00	      2.00	   2262.00	
[1;31;40mAVER        2000	      0.00	      2.00	   2279.00	
[1;31;40mAVER        2000	      0.00	      2.00	   2270.00	
[1;31;40mAVER        2000	      0.00	      2.00	   2262.00	
[1;31;40mAVER        2000	      0.00	      1.00	   1988.00	
[1;31;40mAVER        2000	      0.00	      2.00	   2269.00	
[1;31;40mAVER        3000	      0.00	      2.00	   2945.00	
[1;31;40mAVER        3000	      0.00	      2.00	   2243.00	
[1;31;40mAVER        3000	      0.00	      2.00	   2932.00	
[1;31;40mAVER        3000	      0.00	      2.00	   2929.00	
[1;31;40mAVER        3000	      0.00	      2.00	   2593.00	
[1;31;40mAVER        3000	      0.00	      2.00	   2513.00	
[1;31;40mAVER        3000	      0.00	      2.00	   2881.00	
[1;31;40mAVER        3000	      0.00	      2.00	   2514.00	
[1;31;40mAVER        3000	      0.00	      2.00	   2938.00	
[1;31;40mAVER        3000	      0.00	      2.00	   2932.00	
[1;31;40mAVER        3000	      0.00	      2.00	   2521.00	
[1;31;40mAVER        3000	      0.00	      2.00	   2933.00	
[1;31;40mAVER        3000	      0.00	      2.00	   2940.00	
[1;31;40mAVER        3000	      0.00	      3.00	   3351.00	
[1;31;40mAVER        3000	      0.00	      3.00	   3186.00	
[1;31;40mAVER        3000	      0.00	      3.00	   3189.00	
[1;31;40mAVER        3000	      0.00	      2.00	   2940.00	
[1;31;40mAVER        3000	      0.00	      2.00	   2916.00	
[1;31;40mAVER        3000	      0.00	      2.00	   2955.00	
[1;31;40mAVER        3000	      0.00	      2.00	   2948.00	
[1;31;40mAVER        4000	      0.00	      3.00	   3902.00	
[1;31;40mAVER        4000	      0.00	      3.00	   3262.00	
[1;31;40mAVER        4000	      0.00	      3.00	   3840.00	
[1;31;40mAVER        4000	      0.00	      3.00	   3851.00	
[1;31;40mAVER        4000	      0.00	      3.00	   3797.00	
[1;31;40mAVER        4000	      0.00	      3.00	   3566.00	
[1;31;40mAVER        4000	      0.00	      3.00	   3788.00	
[1;31;40mAVER        4000	      0.00	      3.00	   3811.00	
[1;31;40mAVER        4000	      0.00	      3.00	   3911.00	
[1;31;40mAVER        4000	      0.00	      3.00	   3863.00	
[1;31;40mAVER        4000	      0.00	      3.00	   3597.00	
[1;31;40mAVER        4000	      0.00	      3.00	   3863.00	
[1;31;40mAVER        4000	      0.00	      3.00	   3824.00	
[1;31;40mAVER        4000	      0.00	      3.00	   3577.00	
[1;31;40mAVER        4000	      0.00	      3.00	   3893.00	
[1;31;40mAVER        4000	      0.00	      3.00	   3186.00	
[1;31;40mAVER        4000	      0.00	      3.00	   3568.00	
[1;31;40mAVER        4000	      0.00	      3.00	   3602.00	
[1;31;40mAVER        4000	      0.00	      3.00	   3531.00	
[1;31;40mAVER        4000	      0.00	      3.00	   3591.00	
[1;31;40mAVER        5000	      0.00	      4.00	   4034.00	
[1;31;40mAVER        5000	      0.00	      4.00	   4471.00	
[1;31;40mAVER        5000	      0.00	      4.00	   4513.00	
[1;31;40mAVER        5000	      0.00	      4.00	   4180.00	
[1;31;40mAVER        5000	      0.00	      4.00	   4523.00	
[1;31;40mAVER        5000	      0.00	      4.00	   4551.00	
[1;31;40mAVER        5000	      0.00	      4.00	   4471.00	
[1;31;40mAVER        5000	      0.00	      4.00	   4503.00	
[1;31;40mAVER        5000	      0.00	      4.00	   4218.00	
[1;31;40mAVER        5000	      0.00	      4.00	   4510.00	
[1;31;40mAVER        5000	      0.00	      3.00	   3649.00	
[1;31;40mAVER        5000	      0.00	      4.00	   4502.00	
[1;31;40mAVER        5000	      0.00	      4.00	   4412.00	
[1;31;40mAVER        5000	      0.00	      4.00	   4539.00	
[1;31;40mAVER        5000	      0.00	      4.00	   4255.00	
[1;31;40mAVER        5000	      0.00	      4.00	   4231.00	
[1;31;40mAVER        5000	      0.00	      4.00	   4532.00	
[1;31;40mAVER        5000	      0.00	      4.00	   4280.00	
[1;31;40mAVER        5000	      0.00	      4.00	   4148.00	
[1;31;40mAVER        5000	      0.00	      4.00	   4474.00	
[1;31;40mAVER        6000	      0.00	      4.00	   4440.00	
[1;31;40mAVER        6000	      0.00	      4.00	   4909.00	
[1;31;40mAVER        6000	      0.00	      5.00	   5211.00	
[1;31;40mAVER        6000	      0.00	      4.00	   4930.00	
[1;31;40mAVER        6000	      0.00	      5.00	   5181.00	
[1;31;40mAVER        6000	      0.00	      4.00	   4881.00	
[1;31;40mAVER        6000	      0.00	      4.00	   4879.00	
[1;31;40mAVER        6000	      0.00	      4.00	   4983.00	
[1;31;40mAVER        6000	      0.00	      4.00	   4931.00	
[1;31;40mAVER        6000	      0.00	      5.00	   5204.00	
[1;31;40mAVER        6000	      0.00	      4.00	   4150.00	
[1;31;40mAVER        6000	      0.00	      4.00	   4823.00	
[1;31;40mAVER        6000	      0.00	      4.00	   4903.00	
[1;31;40mAVER        6000	      0.00	      4.00	   4879.00	
[1;31;40mAVER        6000	      0.00	      4.00	   4930.00	
[1;31;40mAVER        6000	      0.00	      4.00	   4926.00	
[1;31;40mAVER        6000	      0.00	      5.00	   5189.00	
[1;31;40mAVER        6000	      0.00	      4.00	   4930.00	
[1;31;40mAVER        6000	      0.00	      4.00	   4118.00	
[1;31;40mAVER        6000	      0.00	      4.00	   4814.00	
[1;31;40mAVER        7000	      0.00	      5.00	   5565.00	
[1;31;40mAVER        7000	      0.00	      5.00	   5841.00	
[1;31;40mAVER        7000	      0.00	      5.00	   5822.00	
[1;31;40mAVER        7000	      0.00	      5.00	   5777.00	
[1;31;40mAVER        7000	      0.00	      5.00	   5864.00	
[1;31;40mAVER        7000	      0.00	      5.00	   5767.00	
[1;31;40mAVER        7000	      0.00	      5.00	   5428.00	
[1;31;40mAVER        7000	      0.00	      5.00	   5859.00	
[1;31;40mAVER        7000	      0.00	      5.00	   5719.00	
[1;31;40mAVER        7000	      0.00	      5.00	   5710.00	
[1;31;40mAVER        7000	      0.00	      5.00	   5407.00	
[1;31;40mAVER        7000	      0.00	      5.00	   5464.00	
[1;31;40mAVER        7000	      0.00	      5.00	   5798.00	
[1;31;40mAVER        7000	      0.00	      5.00	   5843.00	
[1;31;40mAVER        7000	      0.00	      5.00	   5465.00	
[1;31;40mAVER        7000	      0.00	      5.00	   5572.00	
[1;31;40mAVER        7000	      0.00	      5.00	   5574.00	
[1;31;40mAVER        7000	      0.00	      5.00	   5625.00	
[1;31;40mAVER        7000	      0.00	      6.00	   6142.00	
[1;31;40mAVER        7000	      0.00	      5.00	   5850.00	
[1;31;40mAVER        8000	      0.00	      6.00	   6502.00	
[1;31;40mAVER        8000	      0.00	      6.00	   6505.00	
[1;31;40mAVER        8000	      0.00	      6.00	   6351.00	
[1;31;40mAVER        8000	      0.00	      6.00	   6173.00	
[1;31;40mAVER        8000	      0.00	      6.00	   6518.00	
[1;31;40mAVER        8000	      0.00	      6.00	   6258.00	
[1;31;40mAVER        8000	      0.00	      6.00	   6247.00	
[1;31;40mAVER        8000	      0.00	      6.00	   6181.00	
[1;31;40mAVER        8000	      0.00	      6.00	   6190.00	
[1;31;40mAVER        8000	      0.00	      6.00	   6122.00	
[1;31;40mAVER        8000	      0.00	      6.00	   6246.00	
[1;31;40mAVER        8000	      0.00	      6.00	   6188.00	
[1;31;40mAVER        8000	      0.00	      6.00	   6250.00	
[1;31;40mAVER        8000	      0.00	      6.00	   6253.00	
[1;31;40mAVER        8000	      0.00	      5.00	   5433.00	
[1;31;40mAVER        8000	      0.00	      6.00	   6259.00	
[1;31;40mAVER        8000	      0.00	      6.00	   6190.00	
[1;31;40mAVER        8000	      0.00	      6.00	   6257.00	
[1;31;40mAVER        8000	      0.00	      6.00	   6504.00	
[1;31;40mAVER        8000	      0.00	      6.00	   6453.00	
[1;31;40mAVER        9000	      0.00	      7.00	   7193.00	
[1;31;40mAVER        9000	      0.00	      7.00	   7078.00	
[1;31;40mAVER        9000	      0.00	      6.00	   6919.00	
[1;31;40mAVER        9000	      0.00	      7.00	   7213.00	
[1;31;40mAVER        9000	      0.00	      7.00	   7106.00	
[1;31;40mAVER        9000	      0.00	      7.00	   7190.00	
[1;31;40mAVER        9000	      0.00	      6.00	   6983.00	
[1;31;40mAVER        9000	      0.00	      6.00	   6781.00	
[1;31;40mAVER        9000	      0.00	      6.00	   6920.00	
[1;31;40mAVER        9000	      0.00	      6.00	   6860.00	
[1;31;40mAVER        9000	      0.00	      6.00	   6973.00	
[1;31;40mAVER        9000	      0.00	      6.00	   6949.00	
[1;31;40mAVER        9000	      0.00	      7.00	   7193.00	
[1;31;40mAVER        9000	      0.00	      6.00	   6068.00	
[1;31;40mAVER        9000	      0.00	      5.00	   5752.00	
[1;31;40mAVER        9000	      0.00	      6.00	   6933.00	
[1;31;40mAVER        9000	      0.00	      6.00	   6850.00	
[1;31;40mAVER        9000	      0.00	      7.00	   7122.00	
[1;31;40mAVER        9000	      0.00	      7.00	   7176.00	
[1;31;40mAVER        9000	      0.00	      6.00	   6929.00	
[1;31;40mAVER       10000	      0.00	      7.00	   7596.00	
[1;31;40mAVER       10000	      0.00	      7.00	   7770.00	
[1;31;40mAVER       10000	      0.00	      7.00	   7780.00	
[1;31;40mAVER       10000	      0.00	      7.00	   7814.00	
[1;31;40mAVER       10000	      0.00	      7.00	   7737.00	
[1;31;40mAVER       10000	      0.00	      6.00	   6555.00	
[1;31;40mAVER       10000	      0.00	      7.00	   7412.00	
[1;31;40mAVER       10000	      0.00	      7.00	   7849.00	
[1;31;40mAVER       10000	      0.00	      7.00	   7862.00	
[1;31;40mAVER       10000	      0.00	      7.00	   7862.00	
[1;31;40mAVER       10000	      0.00	      7.00	   7582.00	
[1;31;40mAVER       10000	      0.00	      7.00	   7598.00	
[1;31;40mAVER       10000	      0.00	      7.00	   7598.00	
[1;31;40mAVER       10000	      0.00	      6.00	   6202.00	
[1;31;40mAVER       10000	      0.00	      7.00	   7857.00	
[1;31;40mAVER       10000	      0.00	      7.00	   7800.00	
[1;31;40mAVER       10000	      0.00	      7.00	   7784.00	
[1;31;40mAVER       10000	      0.00	      6.00	   6751.00	
[1;31;40mAVER       10000	      0.00	      6.00	   6932.00	
[1;31;40mAVER       10000	      0.00	      7.00	   7590.00	
[1;31;40mAVER       20000	      0.00	     14.00	  14118.00	
[1;31;40mAVER       20000	      0.00	     14.00	  14789.00	
[1;31;40mAVER       20000	      0.00	     14.00	  14772.00	
[1;31;40mAVER       20000	      0.00	     14.00	  14634.00	
[1;31;40mAVER       20000	      0.00	     14.00	  14714.00	
[1;31;40mAVER       20000	      0.00	     14.00	  14500.00	
[1;31;40mAVER       20000	      0.00	     14.00	  14581.00	
[1;31;40mAVER       20000	      0.00	     14.00	  14352.00	
[1;31;40mAVER       20000	      0.00	     14.00	  14590.00	
[1;31;40mAVER       20000	      0.00	     14.00	  14541.00	
[1;31;40mAVER       20000	      0.00	     14.00	  14509.00	
[1;31;40mAVER       20000	      0.00	     14.00	  14528.00	
[1;31;40mAVER       20000	      0.00	     14.00	  14362.00	
[1;31;40mAVER       20000	      0.00	     14.00	  14889.00	
[1;31;40mAVER       20000	      0.00	     14.00	  14368.00	
[1;31;40mAVER       20000	      0.00	     14.00	  14522.00	
[1;31;40mAVER       20000	      0.00	     14.00	  14707.00	
[1;31;40mAVER       20000	      0.00	     14.00	  14078.00	
[1;31;40mAVER       20000	      0.00	     14.00	  14538.00	
[1;31;40mAVER       20000	      0.00	     14.00	  14549.00	
[1;31;40mAVER       30000	      0.00	     21.00	  21918.00	
[1;31;40mAVER       30000	      0.00	     21.00	  21931.00	
[1;31;40mAVER       30000	      0.00	     21.00	  21965.00	
[1;31;40mAVER       30000	      0.00	     21.00	  21273.00	
[1;31;40mAVER       30000	      0.00	     22.00	  22147.00	
[1;31;40mAVER       30000	      0.00	     19.00	  19876.00	
[1;31;40mAVER       30000	      0.00	     21.00	  21882.00	
[1;31;40mAVER       30000	      0.00	     22.00	  22122.00	
[1;31;40mAVER       30000	      0.00	     22.00	  22064.00	
[1;31;40mAVER       30000	      0.00	     19.00	  19864.00	
[1;31;40mAVER       30000	      0.00	     21.00	  21925.00	
[1;31;40mAVER       30000	      0.00	     19.00	  19931.00	
[1;31;40mAVER       30000	      0.00	     21.00	  21702.00	
[1;31;40mAVER       30000	      0.00	     21.00	  21468.00	
[1;31;40mAVER       30000	      0.00	     18.00	  18107.00	
[1;31;40mAVER       30000	      0.00	     19.00	  19869.00	
[1;31;40mAVER       30000	      0.00	     22.00	  22096.00	
[1;31;40mAVER       30000	      0.00	     21.00	  21478.00	
[1;31;40mAVER       30000	      0.00	     21.00	  21934.00	
[1;31;40mAVER       30000	      0.00	     21.00	  21514.00	
[1;31;40mAVER       40000	      0.00	     29.00	  29681.00	
[1;31;40mAVER       40000	      0.00	     29.00	  29682.00	
[1;31;40mAVER       40000	      0.00	     29.00	  29835.00	
[1;31;40mAVER       40000	      0.00	     29.00	  29262.00	
[1;31;40mAVER       40000	      0.00	     29.00	  29348.00	
[1;31;40mAVER       40000	      0.00	     29.00	  29853.00	
[1;31;40mAVER       40000	      0.00	     29.00	  29709.00	
[1;31;40mAVER       40000	      0.00	     29.00	  29677.00	
[1;31;40mAVER       40000	      0.00	     29.00	  29672.00	
[1;31;40mAVER       40000	      0.00	     29.00	  29345.00	
[1;31;40mAVER       40000	      0.00	     29.00	  29895.00	
[1;31;40mAVER       40000	      0.00	     29.00	  29679.00	
[1;31;40mAVER       40000	      0.00	     29.00	  29667.00	
[1;31;40mAVER       40000	      0.00	     29.00	  29675.00	
[1;31;40mAVER       40000	      0.00	     29.00	  29915.00	
[1;31;40mAVER       40000	      0.00	     29.00	  29675.00	
[1;31;40mAVER       40000	      0.00	     29.00	  29667.00	
[1;31;40mAVER       40000	      0.00	     29.00	  29871.00	
[1;31;40mAVER       40000	      0.00	     29.00	  29661.00	
[1;31;40mAVER       40000	      0.00	     29.00	  29687.00	
[1;31;40mAVER       50000	      0.00	     37.00	  37786.00	
[1;31;40mAVER       50000	      0.00	     37.00	  37347.00	
[1;31;40mAVER       50000	      0.00	     37.00	  37865.00	
[1;31;40mAVER       50000	      0.00	     37.00	  37378.00	
[1;31;40mAVER       50000	      0.00	     37.00	  37807.00	
[1;31;40mAVER       50000	      0.00	     38.00	  38078.00	
[1;31;40mAVER       50000	      0.00	     37.00	  37362.00	
[1;31;40mAVER       50000	      0.00	     37.00	  37956.00	
[1;31;40mAVER       50000	      0.00	     38.00	  38215.00	
[1;31;40mAVER       50000	      0.00	     37.00	  37385.00	
[1;31;40mAVER       50000	      0.00	     37.00	  37977.00	
[1;31;40mAVER       50000	      0.00	     36.00	  36990.00	
[1;31;40mAVER       50000	      0.00	     37.00	  37987.00	
[1;31;40mAVER       50000	      0.00	     37.00	  37976.00	
[1;31;40mAVER       50000	      0.00	     37.00	  37794.00	
[1;31;40mAVER       50000	      0.00	     37.00	  37757.00	
[1;31;40mAVER       50000	      0.00	     37.00	  37366.00	
[1;31;40mAVER       50000	      0.00	     37.00	  37580.00	
[1;31;40mAVER       50000	      0.00	     37.00	  37514.00	
[1;31;40mAVER       50000	      0.00	     37.00	  37805.00	
[1;31;40mAVER       60000	      0.00	     52.00	  52792.00	
[1;31;40mAVER       60000	      0.00	     53.00	  53891.00	
[1;31;40mAVER       60000	      0.00	     54.00	  54012.00	
[1;31;40mAVER       60000	      0.00	     53.00	  53897.00	
[1;31;40mAVER       60000	      0.00	     53.00	  53518.00	
[1;31;40mAVER       60000	      0.00	     53.00	  53945.00	
[1;31;40mAVER       60000	      0.00	     54.00	  54069.00	
[1;31;40mAVER       60000	      0.00	     53.00	  53997.00	
[1;31;40mAVER       60000	      0.00	     53.00	  53935.00	
[1;31;40mAVER       60000	      0.00	     53.00	  53436.00	
[1;31;40mAVER       60000	      0.00	     53.00	  53853.00	
[1;31;40mAVER       60000	      0.00	     53.00	  53540.00	
[1;31;40mAVER       60000	      0.00	     53.00	  53859.00	
[1;31;40mAVER       60000	      0.00	     53.00	  53225.00	
[1;31;40mAVER       60000	      0.00	     54.00	  54049.00	
[1;31;40mAVER       60000	      0.00	     53.00	  53986.00	
[1;31;40mAVER       60000	      0.00	     54.00	  54194.00	
[1;31;40mAVER       60000	      0.00	     53.00	  53863.00	
[1;31;40mAVER       60000	      0.00	     53.00	  53847.00	
[1;31;40mAVER       60000	      0.00	     53.00	  53828.00	
[1;31;40mAVER       70000	      0.00	     75.00	  75344.00	
[1;31;40mAVER       70000	      0.00	     75.00	  75413.00	
[1;31;40mAVER       70000	      0.00	     75.00	  75088.00	
[1;31;40mAVER       70000	      0.00	     75.00	  75518.00	
[1;31;40mAVER       70000	      0.00	     75.00	  75367.00	
[1;31;40mAVER       70000	      0.00	     75.00	  75389.00	
[1;31;40mAVER       70000	      0.00	     75.00	  75301.00	
[1;31;40mAVER       70000	      0.00	     75.00	  75329.00	
[1;31;40mAVER       70000	      0.00	     75.00	  75411.00	
[1;31;40mAVER       70000	      0.00	     75.00	  75233.00	
[1;31;40mAVER       70000	      0.00	     75.00	  75089.00	
[1;31;40mAVER       70000	      0.00	     75.00	  75128.00	
[1;31;40mAVER       70000	      0.00	     74.00	  74294.00	
[1;31;40mAVER       70000	      0.00	     74.00	  74467.00	
[1;31;40mAVER       70000	      0.00	     74.00	  74479.00	
[1;31;40mAVER       70000	      0.00	     74.00	  74244.00	
[1;31;40mAVER       70000	      0.00	     75.00	  75328.00	
[1;31;40mAVER       70000	      0.00	     75.00	  75388.00	
[1;31;40mAVER       70000	      0.00	     75.00	  75525.00	
[1;31;40mAVER       70000	      0.00	     57.00	  57969.00	
[1;31;40mAVER       80000	      0.00	     74.00	  74579.00	
[1;31;40mAVER       80000	      0.00	     95.00	  95706.00	
[1;31;40mAVER       80000	      0.00	     96.00	  96689.00	
[1;31;40mAVER       80000	      0.00	     95.00	  95878.00	
[1;31;40mAVER       80000	      0.00	     96.00	  96756.00	
[1;31;40mAVER       80000	      0.00	     96.00	  96864.00	
[1;31;40mAVER       80000	      0.00	     96.00	  96824.00	
[1;31;40mAVER       80000	      0.00	     96.00	  96803.00	
[1;31;40mAVER       80000	      0.00	     96.00	  96974.00	
[1;31;40mAVER       80000	      0.00	     96.00	  96629.00	
[1;31;40mAVER       80000	      0.00	     97.00	  97006.00	
[1;31;40mAVER       80000	      0.00	     96.00	  96923.00	
[1;31;40mAVER       80000	      0.00	     96.00	  96849.00	
[1;31;40mAVER       80000	      0.00	     96.00	  96808.00	
[1;31;40mAVER       80000	      0.00	     96.00	  96887.00	
[1;31;40mAVER       80000	      0.00	     97.00	  97009.00	
[1;31;40mAVER       80000	      0.00	     95.00	  95767.00	
[1;31;40mAVER       80000	      0.00	     96.00	  96855.00	
[1;31;40mAVER       80000	      0.00	     95.00	  95495.00	
[1;31;40mAVER       80000	      0.00	     95.00	  95474.00	
[1;31;40mAVER       90000	      0.00	    118.00	 118440.00	
[1;31;40mAVER       90000	      0.00	    118.00	 118506.00	
[1;31;40mAVER       90000	      0.00	    118.00	 118381.00	
[1;31;40mAVER       90000	      0.00	    118.00	 118418.00	
[1;31;40mAVER       90000	      0.00	    118.00	 118428.00	
[1;31;40mAVER       90000	      0.00	    118.00	 118544.00	
[1;31;40mAVER       90000	      0.00	    118.00	 118235.00	
[1;31;40mAVER       90000	      0.00	     98.00	  98045.00	
[1;31;40mAVER       90000	      0.00	    118.00	 118424.00	
[1;31;40mAVER       90000	      0.00	    118.00	 118599.00	
[1;31;40mAVER       90000	      0.00	    106.00	 106441.00	
[1;31;40mAVER       90000	      0.00	    118.00	 118056.00	
[1;31;40mAVER       90000	      0.00	    118.00	 118522.00	
[1;31;40mAVER       90000	      0.00	    118.00	 118427.00	
[1;31;40mAVER       90000	      0.00	    118.00	 118637.00	
[1;31;40mAVER       90000	      0.00	    118.00	 118604.00	
[1;31;40mAVER       90000	      0.00	    118.00	 118629.00	
[1;31;40mAVER       90000	      0.00	    117.00	 117145.00	
[1;31;40mAVER       90000	      0.00	    117.00	 117150.00	
[1;31;40mAVER       90000	      0.00	     98.00	  98320.00	
