2019年 04月 06日 星期六 14:10:46 CST
[1;31;40mAVER         100	     74.00	      0.00	    581.00	
[1;31;40mAVER         100	     74.00	      0.00	    584.00	
[1;31;40mAVER         100	     74.00	      0.00	    755.00	
[1;31;40mAVER         100	     74.00	      0.00	    589.00	
[1;31;40mAVER         100	     74.00	      0.00	    568.00	
[1;31;40mAVER         100	     74.00	      0.00	    602.00	
[1;31;40mAVER         100	     74.00	      0.00	    583.00	
[1;31;40mAVER         100	     74.00	      0.00	    774.00	
[1;31;40mAVER         100	     74.00	      0.00	    575.00	
[1;31;40mAVER         100	     74.00	      0.00	    749.00	
[1;31;40mAVER         100	     74.00	      0.00	    592.00	
[1;31;40mAVER         100	     74.00	      0.00	    747.00	
[1;31;40mAVER         100	     74.00	      0.00	    579.00	
[1;31;40mAVER         100	     74.00	      0.00	    594.00	
[1;31;40mAVER         100	     74.00	      0.00	    755.00	
[1;31;40mAVER         100	     74.00	      0.00	    867.00	
[1;31;40mAVER         100	     74.00	      0.00	    800.00	
[1;31;40mAVER         100	     74.00	      0.00	    585.00	
[1;31;40mAVER         100	     74.00	      0.00	    597.00	
[1;31;40mAVER         100	     74.00	      0.00	    586.00	
[1;31;40mAVER         200	    110.00	      0.00	    654.00	
[1;31;40mAVER         200	    110.00	      0.00	    650.00	
[1;31;40mAVER         200	    110.00	      0.00	    650.00	
[1;31;40mAVER         200	    110.00	      0.00	    654.00	
[1;31;40mAVER         200	    110.00	      0.00	    651.00	
[1;31;40mAVER         200	    110.00	      0.00	    681.00	
[1;31;40mAVER         200	    110.00	      0.00	    657.00	
[1;31;40mAVER         200	    110.00	      0.00	    818.00	
[1;31;40mAVER         200	    110.00	      0.00	    820.00	
[1;31;40mAVER         200	    110.00	      0.00	    686.00	
[1;31;40mAVER         200	    110.00	      0.00	    811.00	
[1;31;40mAVER         200	    110.00	      0.00	    660.00	
[1;31;40mAVER         200	    110.00	      0.00	    653.00	
[1;31;40mAVER         200	    110.00	      0.00	    652.00	
[1;31;40mAVER         200	    110.00	      0.00	    658.00	
[1;31;40mAVER         200	    110.00	      0.00	    833.00	
[1;31;40mAVER         200	    110.00	      1.00	   1120.00	
[1;31;40mAVER         200	    110.00	      0.00	    814.00	
[1;31;40mAVER         200	    110.00	      0.00	    817.00	
[1;31;40mAVER         200	    110.00	      0.00	    651.00	
[1;31;40mAVER         300	    172.00	      1.00	   1180.00	
[1;31;40mAVER         300	    172.00	      1.00	   1433.00	
[1;31;40mAVER         300	    172.00	      1.00	   1427.00	
[1;31;40mAVER         300	    172.00	      1.00	   1424.00	
[1;31;40mAVER         300	    172.00	      1.00	   1399.00	
[1;31;40mAVER         300	    172.00	      1.00	   1162.00	
[1;31;40mAVER         300	    172.00	      1.00	   1198.00	
[1;31;40mAVER         300	    172.00	      1.00	   1427.00	
[1;31;40mAVER         300	    172.00	      1.00	   1159.00	
[1;31;40mAVER         300	    172.00	      1.00	   1412.00	
[1;31;40mAVER         300	    172.00	      1.00	   1046.00	
[1;31;40mAVER         300	    172.00	      1.00	   1164.00	
[1;31;40mAVER         300	    172.00	      1.00	   1361.00	
[1;31;40mAVER         300	    172.00	      1.00	   1420.00	
[1;31;40mAVER         300	    172.00	      1.00	   1424.00	
[1;31;40mAVER         300	    172.00	      1.00	   1411.00	
[1;31;40mAVER         300	    172.00	      1.00	   1166.00	
[1;31;40mAVER         300	    172.00	      1.00	   1173.00	
[1;31;40mAVER         300	    172.00	      1.00	   1157.00	
[1;31;40mAVER         300	    172.00	      1.00	   1174.00	
[1;31;40mAVER         400	    290.00	      1.00	   1215.00	
[1;31;40mAVER         400	    290.00	      1.00	   1224.00	
[1;31;40mAVER         400	    290.00	      1.00	   1783.00	
[1;31;40mAVER         400	    290.00	      1.00	   1529.00	
[1;31;40mAVER         400	    290.00	      1.00	   1215.00	
[1;31;40mAVER         400	    290.00	      1.00	   1548.00	
[1;31;40mAVER         400	    290.00	      1.00	   1485.00	
[1;31;40mAVER         400	    290.00	      1.00	   1503.00	
[1;31;40mAVER         400	    290.00	      1.00	   1291.00	
[1;31;40mAVER         400	    290.00	      1.00	   1467.00	
[1;31;40mAVER         400	    290.00	      1.00	   1216.00	
[1;31;40mAVER         400	    290.00	      1.00	   1849.00	
[1;31;40mAVER         400	    290.00	      1.00	   1482.00	
[1;31;40mAVER         400	    290.00	      1.00	   1504.00	
[1;31;40mAVER         400	    290.00	      1.00	   1485.00	
[1;31;40mAVER         400	    290.00	      1.00	   1220.00	
[1;31;40mAVER         400	    290.00	      1.00	   1216.00	
[1;31;40mAVER         400	    290.00	      1.00	   1219.00	
[1;31;40mAVER         400	    290.00	      1.00	   1462.00	
[1;31;40mAVER         400	    290.00	      1.00	   1482.00	
[1;31;40mAVER         500	    349.00	      1.00	   1543.00	
[1;31;40mAVER         500	    349.00	      1.00	   1609.00	
[1;31;40mAVER         500	    349.00	      1.00	   1545.00	
[1;31;40mAVER         500	    349.00	      1.00	   1282.00	
[1;31;40mAVER         500	    349.00	      1.00	   1546.00	
[1;31;40mAVER         500	    349.00	      1.00	   1303.00	
[1;31;40mAVER         500	    349.00	      1.00	   1533.00	
[1;31;40mAVER         500	    349.00	      1.00	   1276.00	
[1;31;40mAVER         500	    349.00	      1.00	   1283.00	
[1;31;40mAVER         500	    349.00	      1.00	   1555.00	
[1;31;40mAVER         500	    349.00	      1.00	   1293.00	
[1;31;40mAVER         500	    349.00	      1.00	   1541.00	
[1;31;40mAVER         500	    349.00	      1.00	   1303.00	
[1;31;40mAVER         500	    349.00	      1.00	   1286.00	
[1;31;40mAVER         500	    349.00	      1.00	   1300.00	
[1;31;40mAVER         500	    349.00	      1.00	   1536.00	
[1;31;40mAVER         500	    349.00	      1.00	   1143.00	
[1;31;40mAVER         500	    349.00	      1.00	   1191.00	
[1;31;40mAVER         500	    349.00	      1.00	   1286.00	
[1;31;40mAVER         500	    349.00	      1.00	   1553.00	
[1;31;40mAVER         600	    378.00	      1.00	   1237.00	
[1;31;40mAVER         600	    378.00	      1.00	   1390.00	
[1;31;40mAVER         600	    378.00	      1.00	   1360.00	
[1;31;40mAVER         600	    378.00	      1.00	   1366.00	
[1;31;40mAVER         600	    378.00	      1.00	   1380.00	
[1;31;40mAVER         600	    378.00	      1.00	   1370.00	
[1;31;40mAVER         600	    378.00	      1.00	   1365.00	
[1;31;40mAVER         600	    378.00	      1.00	   1275.00	
[1;31;40mAVER         600	    378.00	      1.00	   1348.00	
[1;31;40mAVER         600	    378.00	      1.00	   1656.00	
[1;31;40mAVER         600	    378.00	      1.00	   1675.00	
[1;31;40mAVER         600	    378.00	      1.00	   1382.00	
[1;31;40mAVER         600	    378.00	      1.00	   1633.00	
[1;31;40mAVER         600	    378.00	      1.00	   1628.00	
[1;31;40mAVER         600	    378.00	      1.00	   1249.00	
[1;31;40mAVER         600	    378.00	      1.00	   1365.00	
[1;31;40mAVER         600	    378.00	      1.00	   1454.00	
[1;31;40mAVER         600	    378.00	      1.00	   1642.00	
[1;31;40mAVER         600	    378.00	      1.00	   1682.00	
[1;31;40mAVER         600	    378.00	      1.00	   1622.00	
[1;31;40mAVER         700	    483.00	      1.00	   1424.00	
[1;31;40mAVER         700	    483.00	      1.00	   1675.00	
[1;31;40mAVER         700	    483.00	      1.00	   1558.00	
[1;31;40mAVER         700	    483.00	      1.00	   1427.00	
[1;31;40mAVER         700	    483.00	      1.00	   1699.00	
[1;31;40mAVER         700	    483.00	      1.00	   1422.00	
[1;31;40mAVER         700	    483.00	      1.00	   1428.00	
[1;31;40mAVER         700	    483.00	      1.00	   1432.00	
[1;31;40mAVER         700	    483.00	      1.00	   1444.00	
[1;31;40mAVER         700	    483.00	      1.00	   1429.00	
[1;31;40mAVER         700	    483.00	      1.00	   1434.00	
[1;31;40mAVER         700	    483.00	      1.00	   1432.00	
[1;31;40mAVER         700	    483.00	      1.00	   1435.00	
[1;31;40mAVER         700	    483.00	      1.00	   1727.00	
[1;31;40mAVER         700	    483.00	      1.00	   1408.00	
[1;31;40mAVER         700	    483.00	      1.00	   1414.00	
[1;31;40mAVER         700	    483.00	      1.00	   1409.00	
[1;31;40mAVER         700	    483.00	      1.00	   1314.00	
[1;31;40mAVER         700	    483.00	      1.00	   1432.00	
[1;31;40mAVER         700	    483.00	      1.00	   1454.00	
[1;31;40mAVER         800	    538.00	      1.00	   1490.00	
[1;31;40mAVER         800	    538.00	      1.00	   1483.00	
[1;31;40mAVER         800	    538.00	      1.00	   1498.00	
[1;31;40mAVER         800	    538.00	      1.00	   1738.00	
[1;31;40mAVER         800	    538.00	      1.00	   1515.00	
[1;31;40mAVER         800	    538.00	      1.00	   1491.00	
[1;31;40mAVER         800	    538.00	      1.00	   1525.00	
[1;31;40mAVER         800	    538.00	      1.00	   1499.00	
[1;31;40mAVER         800	    538.00	      1.00	   1503.00	
[1;31;40mAVER         800	    538.00	      1.00	   1757.00	
[1;31;40mAVER         800	    538.00	      1.00	   1752.00	
[1;31;40mAVER         800	    538.00	      1.00	   1520.00	
[1;31;40mAVER         800	    538.00	      1.00	   1740.00	
[1;31;40mAVER         800	    538.00	      1.00	   1763.00	
[1;31;40mAVER         800	    538.00	      1.00	   1463.00	
[1;31;40mAVER         800	    538.00	      1.00	   1808.00	
[1;31;40mAVER         800	    538.00	      1.00	   1490.00	
[1;31;40mAVER         800	    538.00	      1.00	   1498.00	
[1;31;40mAVER         800	    538.00	      1.00	   1795.00	
[1;31;40mAVER         800	    538.00	      1.00	   1487.00	
[1;31;40mAVER         900	    590.00	      1.00	   1835.00	
[1;31;40mAVER         900	    590.00	      1.00	   1559.00	
[1;31;40mAVER         900	    590.00	      1.00	   1794.00	
[1;31;40mAVER         900	    590.00	      1.00	   1882.00	
[1;31;40mAVER         900	    590.00	      1.00	   1541.00	
[1;31;40mAVER         900	    590.00	      1.00	   1569.00	
[1;31;40mAVER         900	    590.00	      1.00	   1509.00	
[1;31;40mAVER         900	    590.00	      1.00	   1562.00	
[1;31;40mAVER         900	    590.00	      1.00	   1813.00	
[1;31;40mAVER         900	    590.00	      1.00	   1522.00	
[1;31;40mAVER         900	    590.00	      1.00	   1579.00	
[1;31;40mAVER         900	    590.00	      1.00	   1815.00	
[1;31;40mAVER         900	    590.00	      1.00	   1560.00	
[1;31;40mAVER         900	    590.00	      1.00	   1548.00	
[1;31;40mAVER         900	    590.00	      2.00	   2058.00	
[1;31;40mAVER         900	    590.00	      1.00	   1797.00	
[1;31;40mAVER         900	    590.00	      1.00	   1797.00	
[1;31;40mAVER         900	    590.00	      1.00	   1957.00	
[1;31;40mAVER         900	    590.00	      1.00	   1547.00	
[1;31;40mAVER         900	    590.00	      1.00	   1549.00	
[1;31;40mAVER        1000	    647.00	      1.00	   1860.00	
[1;31;40mAVER        1000	    647.00	      1.00	   1623.00	
[1;31;40mAVER        1000	    647.00	      1.00	   1613.00	
[1;31;40mAVER        1000	    647.00	      1.00	   1895.00	
[1;31;40mAVER        1000	    647.00	      1.00	   1902.00	
[1;31;40mAVER        1000	    647.00	      1.00	   1745.00	
[1;31;40mAVER        1000	    647.00	      1.00	   1605.00	
[1;31;40mAVER        1000	    647.00	      1.00	   1663.00	
[1;31;40mAVER        1000	    647.00	      1.00	   1900.00	
[1;31;40mAVER        1000	    647.00	      1.00	   1874.00	
[1;31;40mAVER        1000	    647.00	      1.00	   1629.00	
[1;31;40mAVER        1000	    647.00	      1.00	   1616.00	
[1;31;40mAVER        1000	    647.00	      1.00	   1883.00	
[1;31;40mAVER        1000	    647.00	      1.00	   1600.00	
[1;31;40mAVER        1000	    647.00	      1.00	   1491.00	
[1;31;40mAVER        1000	    647.00	      1.00	   1632.00	
[1;31;40mAVER        1000	    647.00	      1.00	   1621.00	
[1;31;40mAVER        1000	    647.00	      1.00	   1885.00	
[1;31;40mAVER        1000	    647.00	      2.00	   2166.00	
[1;31;40mAVER        1000	    647.00	      1.00	   1623.00	
[1;31;40mAVER        2000	   1309.00	      2.00	   2116.00	
[1;31;40mAVER        2000	   1309.00	      2.00	   2472.00	
[1;31;40mAVER        2000	   1309.00	      2.00	   2514.00	
[1;31;40mAVER        2000	   1309.00	      2.00	   2539.00	
[1;31;40mAVER        2000	   1309.00	      2.00	   2534.00	
[1;31;40mAVER        2000	   1309.00	      2.00	   2265.00	
[1;31;40mAVER        2000	   1309.00	      2.00	   2318.00	
[1;31;40mAVER        2000	   1309.00	      2.00	   2293.00	
[1;31;40mAVER        2000	   1309.00	      2.00	   2855.00	
[1;31;40mAVER        2000	   1309.00	      2.00	   2547.00	
[1;31;40mAVER        2000	   1309.00	      2.00	   2276.00	
[1;31;40mAVER        2000	   1309.00	      2.00	   2537.00	
[1;31;40mAVER        2000	   1309.00	      2.00	   2262.00	
[1;31;40mAVER        2000	   1309.00	      2.00	   2286.00	
[1;31;40mAVER        2000	   1309.00	      2.00	   2538.00	
[1;31;40mAVER        2000	   1309.00	      2.00	   2523.00	
[1;31;40mAVER        2000	   1309.00	      2.00	   2532.00	
[1;31;40mAVER        2000	   1309.00	      2.00	   2243.00	
[1;31;40mAVER        2000	   1309.00	      2.00	   2522.00	
[1;31;40mAVER        2000	   1309.00	      2.00	   2282.00	
[1;31;40mAVER        3000	   1964.00	      3.00	   3199.00	
[1;31;40mAVER        3000	   1964.00	      3.00	   3195.00	
[1;31;40mAVER        3000	   1964.00	      3.00	   3173.00	
[1;31;40mAVER        3000	   1964.00	      2.00	   2941.00	
[1;31;40mAVER        3000	   1964.00	      2.00	   2929.00	
[1;31;40mAVER        3000	   1964.00	      3.00	   3216.00	
[1;31;40mAVER        3000	   1964.00	      3.00	   3146.00	
[1;31;40mAVER        3000	   1964.00	      2.00	   2939.00	
[1;31;40mAVER        3000	   1964.00	      3.00	   3197.00	
[1;31;40mAVER        3000	   1964.00	      2.00	   2954.00	
[1;31;40mAVER        3000	   1964.00	      2.00	   2910.00	
[1;31;40mAVER        3000	   1964.00	      2.00	   2916.00	
[1;31;40mAVER        3000	   1964.00	      2.00	   2934.00	
[1;31;40mAVER        3000	   1964.00	      2.00	   2940.00	
[1;31;40mAVER        3000	   1964.00	      3.00	   3204.00	
[1;31;40mAVER        3000	   1964.00	      2.00	   2942.00	
[1;31;40mAVER        3000	   1964.00	      2.00	   2923.00	
[1;31;40mAVER        3000	   1964.00	      2.00	   2956.00	
[1;31;40mAVER        3000	   1964.00	      2.00	   2916.00	
[1;31;40mAVER        3000	   1964.00	      3.00	   3196.00	
[1;31;40mAVER        4000	   2709.00	      3.00	   3581.00	
[1;31;40mAVER        4000	   2709.00	      3.00	   3573.00	
[1;31;40mAVER        4000	   2709.00	      3.00	   3607.00	
[1;31;40mAVER        4000	   2709.00	      3.00	   3603.00	
[1;31;40mAVER        4000	   2709.00	      3.00	   3599.00	
[1;31;40mAVER        4000	   2709.00	      3.00	   3881.00	
[1;31;40mAVER        4000	   2709.00	      3.00	   3508.00	
[1;31;40mAVER        4000	   2709.00	      3.00	   3574.00	
[1;31;40mAVER        4000	   2709.00	      3.00	   3857.00	
[1;31;40mAVER        4000	   2709.00	      3.00	   3610.00	
[1;31;40mAVER        4000	   2709.00	      3.00	   3755.00	
[1;31;40mAVER        4000	   2709.00	      3.00	   3863.00	
[1;31;40mAVER        4000	   2709.00	      3.00	   3864.00	
[1;31;40mAVER        4000	   2709.00	      3.00	   3602.00	
[1;31;40mAVER        4000	   2709.00	      3.00	   3568.00	
[1;31;40mAVER        4000	   2709.00	      3.00	   3749.00	
[1;31;40mAVER        4000	   2709.00	      3.00	   3866.00	
[1;31;40mAVER        4000	   2709.00	      3.00	   3860.00	
[1;31;40mAVER        4000	   2709.00	      3.00	   3837.00	
[1;31;40mAVER        4000	   2709.00	      3.00	   3767.00	
[1;31;40mAVER        5000	   3378.00	      4.00	   4478.00	
[1;31;40mAVER        5000	   3378.00	      4.00	   4258.00	
[1;31;40mAVER        5000	   3378.00	      4.00	   4514.00	
[1;31;40mAVER        5000	   3378.00	      4.00	   4477.00	
[1;31;40mAVER        5000	   3378.00	      3.00	   3905.00	
[1;31;40mAVER        5000	   3378.00	      4.00	   4258.00	
[1;31;40mAVER        5000	   3378.00	      4.00	   4256.00	
[1;31;40mAVER        5000	   3378.00	      4.00	   4536.00	
[1;31;40mAVER        5000	   3378.00	      3.00	   3598.00	
[1;31;40mAVER        5000	   3378.00	      4.00	   4515.00	
[1;31;40mAVER        5000	   3378.00	      3.00	   3844.00	
[1;31;40mAVER        5000	   3378.00	      4.00	   4297.00	
[1;31;40mAVER        5000	   3378.00	      4.00	   4228.00	
[1;31;40mAVER        5000	   3378.00	      4.00	   4259.00	
[1;31;40mAVER        5000	   3378.00	      4.00	   4539.00	
[1;31;40mAVER        5000	   3378.00	      4.00	   4265.00	
[1;31;40mAVER        5000	   3378.00	      4.00	   4052.00	
[1;31;40mAVER        5000	   3378.00	      3.00	   3013.00	
[1;31;40mAVER        5000	   3378.00	      4.00	   4255.00	
[1;31;40mAVER        5000	   3378.00	      4.00	   4521.00	
[1;31;40mAVER        6000	   3958.00	      4.00	   4332.00	
[1;31;40mAVER        6000	   3958.00	      4.00	   4923.00	
[1;31;40mAVER        6000	   3958.00	      5.00	   5181.00	
[1;31;40mAVER        6000	   3958.00	      4.00	   4915.00	
[1;31;40mAVER        6000	   3958.00	      5.00	   5177.00	
[1;31;40mAVER        6000	   3958.00	      4.00	   4881.00	
[1;31;40mAVER        6000	   3958.00	      4.00	   4941.00	
[1;31;40mAVER        6000	   3958.00	      5.00	   5180.00	
[1;31;40mAVER        6000	   3958.00	      5.00	   5218.00	
[1;31;40mAVER        6000	   3958.00	      4.00	   4873.00	
[1;31;40mAVER        6000	   3958.00	      4.00	   4315.00	
[1;31;40mAVER        6000	   3958.00	      4.00	   4973.00	
[1;31;40mAVER        6000	   3958.00	      5.00	   5166.00	
[1;31;40mAVER        6000	   3958.00	      4.00	   4888.00	
[1;31;40mAVER        6000	   3958.00	      4.00	   4913.00	
[1;31;40mAVER        6000	   3958.00	      5.00	   5132.00	
[1;31;40mAVER        6000	   3958.00	      5.00	   5493.00	
[1;31;40mAVER        6000	   3958.00	      4.00	   4910.00	
[1;31;40mAVER        6000	   3958.00	      4.00	   4964.00	
[1;31;40mAVER        6000	   3958.00	      4.00	   4939.00	
[1;31;40mAVER        7000	   4693.00	      5.00	   5580.00	
[1;31;40mAVER        7000	   4693.00	      5.00	   5576.00	
[1;31;40mAVER        7000	   4693.00	      5.00	   5573.00	
[1;31;40mAVER        7000	   4693.00	      5.00	   5574.00	
[1;31;40mAVER        7000	   4693.00	      5.00	   5591.00	
[1;31;40mAVER        7000	   4693.00	      5.00	   5574.00	
[1;31;40mAVER        7000	   4693.00	      5.00	   5578.00	
[1;31;40mAVER        7000	   4693.00	      5.00	   5570.00	
[1;31;40mAVER        7000	   4693.00	      5.00	   5822.00	
[1;31;40mAVER        7000	   4693.00	      5.00	   5592.00	
[1;31;40mAVER        7000	   4693.00	      4.00	   4962.00	
[1;31;40mAVER        7000	   4693.00	      5.00	   5597.00	
[1;31;40mAVER        7000	   4693.00	      5.00	   5574.00	
[1;31;40mAVER        7000	   4693.00	      5.00	   5756.00	
[1;31;40mAVER        7000	   4693.00	      5.00	   5851.00	
[1;31;40mAVER        7000	   4693.00	      5.00	   5901.00	
[1;31;40mAVER        7000	   4693.00	      5.00	   5779.00	
[1;31;40mAVER        7000	   4693.00	      5.00	   5575.00	
[1;31;40mAVER        7000	   4693.00	      5.00	   5462.00	
[1;31;40mAVER        7000	   4693.00	      5.00	   5575.00	
[1;31;40mAVER        8000	   5319.00	      6.00	   6516.00	
[1;31;40mAVER        8000	   5319.00	      6.00	   6201.00	
[1;31;40mAVER        8000	   5319.00	      6.00	   6445.00	
[1;31;40mAVER        8000	   5319.00	      6.00	   6567.00	
[1;31;40mAVER        8000	   5319.00	      6.00	   6263.00	
[1;31;40mAVER        8000	   5319.00	      6.00	   6256.00	
[1;31;40mAVER        8000	   5319.00	      6.00	   6272.00	
[1;31;40mAVER        8000	   5319.00	      6.00	   6116.00	
[1;31;40mAVER        8000	   5319.00	      6.00	   6251.00	
[1;31;40mAVER        8000	   5319.00	      6.00	   6579.00	
[1;31;40mAVER        8000	   5319.00	      6.00	   6258.00	
[1;31;40mAVER        8000	   5319.00	      5.00	   5506.00	
[1;31;40mAVER        8000	   5319.00	      6.00	   6272.00	
[1;31;40mAVER        8000	   5319.00	      5.00	   5766.00	
[1;31;40mAVER        8000	   5319.00	      6.00	   6265.00	
[1;31;40mAVER        8000	   5319.00	      6.00	   6264.00	
[1;31;40mAVER        8000	   5319.00	      6.00	   6611.00	
[1;31;40mAVER        8000	   5319.00	      6.00	   6445.00	
[1;31;40mAVER        8000	   5319.00	      6.00	   6526.00	
[1;31;40mAVER        8000	   5319.00	      6.00	   6273.00	
[1;31;40mAVER        9000	   5853.00	      6.00	   6158.00	
[1;31;40mAVER        9000	   5853.00	      7.00	   7049.00	
[1;31;40mAVER        9000	   5853.00	      7.00	   7223.00	
[1;31;40mAVER        9000	   5853.00	      7.00	   7495.00	
[1;31;40mAVER        9000	   5853.00	      6.00	   6956.00	
[1;31;40mAVER        9000	   5853.00	      5.00	   5574.00	
[1;31;40mAVER        9000	   5853.00	      6.00	   6937.00	
[1;31;40mAVER        9000	   5853.00	      7.00	   7200.00	
[1;31;40mAVER        9000	   5853.00	      7.00	   7033.00	
[1;31;40mAVER        9000	   5853.00	      7.00	   7116.00	
[1;31;40mAVER        9000	   5853.00	      6.00	   6960.00	
[1;31;40mAVER        9000	   5853.00	      6.00	   6919.00	
[1;31;40mAVER        9000	   5853.00	      6.00	   6926.00	
[1;31;40mAVER        9000	   5853.00	      6.00	   6927.00	
[1;31;40mAVER        9000	   5853.00	      7.00	   7210.00	
[1;31;40mAVER        9000	   5853.00	      7.00	   7196.00	
[1;31;40mAVER        9000	   5853.00	      6.00	   6938.00	
[1;31;40mAVER        9000	   5853.00	      5.00	   5513.00	
[1;31;40mAVER        9000	   5853.00	      6.00	   6939.00	
[1;31;40mAVER        9000	   5853.00	      7.00	   7201.00	
[1;31;40mAVER       10000	   6717.00	      7.00	   7602.00	
[1;31;40mAVER       10000	   6717.00	      5.00	   5744.00	
[1;31;40mAVER       10000	   6717.00	      7.00	   7599.00	
[1;31;40mAVER       10000	   6717.00	      7.00	   7544.00	
[1;31;40mAVER       10000	   6717.00	      7.00	   7843.00	
[1;31;40mAVER       10000	   6717.00	      7.00	   7872.00	
[1;31;40mAVER       10000	   6717.00	      7.00	   7509.00	
[1;31;40mAVER       10000	   6717.00	      7.00	   7612.00	
[1;31;40mAVER       10000	   6717.00	      7.00	   7529.00	
[1;31;40mAVER       10000	   6717.00	      7.00	   7612.00	
[1;31;40mAVER       10000	   6717.00	      7.00	   7600.00	
[1;31;40mAVER       10000	   6717.00	      7.00	   7765.00	
[1;31;40mAVER       10000	   6717.00	      7.00	   7530.00	
[1;31;40mAVER       10000	   6717.00	      7.00	   7601.00	
[1;31;40mAVER       10000	   6717.00	      7.00	   7426.00	
[1;31;40mAVER       10000	   6717.00	      7.00	   7598.00	
[1;31;40mAVER       10000	   6717.00	      5.00	   5836.00	
[1;31;40mAVER       10000	   6717.00	      7.00	   7874.00	
[1;31;40mAVER       10000	   6717.00	      7.00	   7610.00	
[1;31;40mAVER       10000	   6717.00	      7.00	   7857.00	
[1;31;40mAVER       20000	  13443.00	     14.00	  14796.00	
[1;31;40mAVER       20000	  13443.00	     14.00	  14534.00	
[1;31;40mAVER       20000	  13443.00	     15.00	  15103.00	
[1;31;40mAVER       20000	  13443.00	     14.00	  14998.00	
[1;31;40mAVER       20000	  13443.00	     14.00	  14798.00	
[1;31;40mAVER       20000	  13443.00	     14.00	  14511.00	
[1;31;40mAVER       20000	  13443.00	     14.00	  14528.00	
[1;31;40mAVER       20000	  13443.00	     14.00	  14511.00	
[1;31;40mAVER       20000	  13443.00	     14.00	  14565.00	
[1;31;40mAVER       20000	  13443.00	     14.00	  14529.00	
[1;31;40mAVER       20000	  13443.00	     14.00	  14356.00	
[1;31;40mAVER       20000	  13443.00	     14.00	  14722.00	
[1;31;40mAVER       20000	  13443.00	     14.00	  14519.00	
[1;31;40mAVER       20000	  13443.00	     14.00	  14395.00	
[1;31;40mAVER       20000	  13443.00	     14.00	  14809.00	
[1;31;40mAVER       20000	  13443.00	     14.00	  14380.00	
[1;31;40mAVER       20000	  13443.00	     14.00	  14549.00	
[1;31;40mAVER       20000	  13443.00	     11.00	  11994.00	
[1;31;40mAVER       20000	  13443.00	     11.00	  11981.00	
[1;31;40mAVER       20000	  13443.00	     14.00	  14217.00	
[1;31;40mAVER       30000	  20200.00	     21.00	  21955.00	
[1;31;40mAVER       30000	  20200.00	     22.00	  22068.00	
[1;31;40mAVER       30000	  20200.00	     21.00	  21946.00	
[1;31;40mAVER       30000	  20200.00	     22.00	  22214.00	
[1;31;40mAVER       30000	  20200.00	     22.00	  22219.00	
[1;31;40mAVER       30000	  20200.00	     22.00	  22144.00	
[1;31;40mAVER       30000	  20200.00	     21.00	  21931.00	
[1;31;40mAVER       30000	  20200.00	     18.00	  18034.00	
[1;31;40mAVER       30000	  20200.00	     21.00	  21949.00	
[1;31;40mAVER       30000	  20200.00	     22.00	  22181.00	
[1;31;40mAVER       30000	  20200.00	     21.00	  21479.00	
[1;31;40mAVER       30000	  20200.00	     22.00	  22105.00	
[1;31;40mAVER       30000	  20200.00	     21.00	  21927.00	
[1;31;40mAVER       30000	  20200.00	     21.00	  21959.00	
[1;31;40mAVER       30000	  20200.00	     21.00	  21945.00	
[1;31;40mAVER       30000	  20200.00	     22.00	  22113.00	
[1;31;40mAVER       30000	  20200.00	     19.00	  19444.00	
[1;31;40mAVER       30000	  20200.00	     21.00	  21963.00	
[1;31;40mAVER       30000	  20200.00	     22.00	  22097.00	
[1;31;40mAVER       30000	  20200.00	     21.00	  21989.00	
[1;31;40mAVER       40000	  26666.00	     29.00	  29706.00	
[1;31;40mAVER       40000	  26666.00	     29.00	  29364.00	
[1;31;40mAVER       40000	  26666.00	     29.00	  29681.00	
[1;31;40mAVER       40000	  26666.00	     29.00	  29738.00	
[1;31;40mAVER       40000	  26666.00	     29.00	  29348.00	
[1;31;40mAVER       40000	  26666.00	     29.00	  29705.00	
[1;31;40mAVER       40000	  26666.00	     29.00	  29885.00	
[1;31;40mAVER       40000	  26666.00	     29.00	  29730.00	
[1;31;40mAVER       40000	  26666.00	     29.00	  29440.00	
[1;31;40mAVER       40000	  26666.00	     29.00	  29709.00	
[1;31;40mAVER       40000	  26666.00	     29.00	  29757.00	
[1;31;40mAVER       40000	  26666.00	     29.00	  29553.00	
[1;31;40mAVER       40000	  26666.00	     29.00	  29699.00	
[1;31;40mAVER       40000	  26666.00	     29.00	  29730.00	
[1;31;40mAVER       40000	  26666.00	     29.00	  29721.00	
[1;31;40mAVER       40000	  26666.00	     29.00	  29679.00	
[1;31;40mAVER       40000	  26666.00	     29.00	  29560.00	
[1;31;40mAVER       40000	  26666.00	     29.00	  29971.00	
[1;31;40mAVER       40000	  26666.00	     29.00	  29720.00	
[1;31;40mAVER       40000	  26666.00	     24.00	  24479.00	
[1;31;40mAVER       50000	  33426.00	     37.00	  37802.00	
[1;31;40mAVER       50000	  33426.00	     37.00	  37846.00	
[1;31;40mAVER       50000	  33426.00	     37.00	  37350.00	
[1;31;40mAVER       50000	  33426.00	     37.00	  37851.00	
[1;31;40mAVER       50000	  33426.00	     37.00	  37842.00	
[1;31;40mAVER       50000	  33426.00	     37.00	  37874.00	
[1;31;40mAVER       50000	  33426.00	     37.00	  37872.00	
[1;31;40mAVER       50000	  33426.00	     38.00	  38031.00	
[1;31;40mAVER       50000	  33426.00	     37.00	  37395.00	
[1;31;40mAVER       50000	  33426.00	     38.00	  38028.00	
[1;31;40mAVER       50000	  33426.00	     37.00	  37431.00	
[1;31;40mAVER       50000	  33426.00	     37.00	  37837.00	
[1;31;40mAVER       50000	  33426.00	     38.00	  38052.00	
[1;31;40mAVER       50000	  33426.00	     37.00	  37877.00	
[1;31;40mAVER       50000	  33426.00	     38.00	  38000.00	
[1;31;40mAVER       50000	  33426.00	     37.00	  37839.00	
[1;31;40mAVER       50000	  33426.00	     38.00	  38028.00	
[1;31;40mAVER       50000	  33426.00	     37.00	  37852.00	
[1;31;40mAVER       50000	  33426.00	     37.00	  37980.00	
[1;31;40mAVER       50000	  33426.00	     37.00	  37853.00	
[1;31;40mAVER       60000	  39755.00	     54.00	  54141.00	
[1;31;40mAVER       60000	  39755.00	     54.00	  54024.00	
[1;31;40mAVER       60000	  39755.00	     54.00	  54110.00	
[1;31;40mAVER       60000	  39755.00	     45.00	  45439.00	
[1;31;40mAVER       60000	  39755.00	     53.00	  53906.00	
[1;31;40mAVER       60000	  39755.00	     53.00	  53970.00	
[1;31;40mAVER       60000	  39755.00	     53.00	  53912.00	
[1;31;40mAVER       60000	  39755.00	     54.00	  54080.00	
[1;31;40mAVER       60000	  39755.00	     53.00	  53872.00	
[1;31;40mAVER       60000	  39755.00	     54.00	  54524.00	
[1;31;40mAVER       60000	  39755.00	     53.00	  53137.00	
[1;31;40mAVER       60000	  39755.00	     53.00	  53969.00	
[1;31;40mAVER       60000	  39755.00	     53.00	  53333.00	
[1;31;40mAVER       60000	  39755.00	     54.00	  54219.00	
[1;31;40mAVER       60000	  39755.00	     54.00	  54050.00	
[1;31;40mAVER       60000	  39755.00	     54.00	  54082.00	
[1;31;40mAVER       60000	  39755.00	     54.00	  54205.00	
[1;31;40mAVER       60000	  39755.00	     53.00	  53907.00	
[1;31;40mAVER       60000	  39755.00	     54.00	  54123.00	
[1;31;40mAVER       60000	  39755.00	     53.00	  53456.00	
[1;31;40mAVER       70000	  46784.00	     74.00	  74458.00	
[1;31;40mAVER       70000	  46784.00	     75.00	  75313.00	
[1;31;40mAVER       70000	  46784.00	     75.00	  75367.00	
[1;31;40mAVER       70000	  46784.00	     75.00	  75323.00	
[1;31;40mAVER       70000	  46784.00	     75.00	  75375.00	
[1;31;40mAVER       70000	  46784.00	     75.00	  75407.00	
[1;31;40mAVER       70000	  46784.00	     75.00	  75550.00	
[1;31;40mAVER       70000	  46784.00	     75.00	  75156.00	
[1;31;40mAVER       70000	  46784.00	     75.00	  75530.00	
[1;31;40mAVER       70000	  46784.00	     75.00	  75196.00	
[1;31;40mAVER       70000	  46784.00	     74.00	  74353.00	
[1;31;40mAVER       70000	  46784.00	     73.00	  73698.00	
[1;31;40mAVER       70000	  46784.00	     75.00	  75190.00	
[1;31;40mAVER       70000	  46784.00	     75.00	  75326.00	
[1;31;40mAVER       70000	  46784.00	     74.00	  74559.00	
[1;31;40mAVER       70000	  46784.00	     75.00	  75425.00	
[1;31;40mAVER       70000	  46784.00	     75.00	  75319.00	
[1;31;40mAVER       70000	  46784.00	     64.00	  64787.00	
[1;31;40mAVER       70000	  46784.00	     75.00	  75349.00	
[1;31;40mAVER       70000	  46784.00	     73.00	  73813.00	
[1;31;40mAVER       80000	  53447.00	     96.00	  96863.00	
[1;31;40mAVER       80000	  53447.00	     96.00	  96129.00	
[1;31;40mAVER       80000	  53447.00	     95.00	  95741.00	
[1;31;40mAVER       80000	  53447.00	     96.00	  96787.00	
[1;31;40mAVER       80000	  53447.00	     96.00	  96897.00	
[1;31;40mAVER       80000	  53447.00	     96.00	  96679.00	
[1;31;40mAVER       80000	  53447.00	     96.00	  96747.00	
[1;31;40mAVER       80000	  53447.00	     94.00	  94720.00	
[1;31;40mAVER       80000	  53447.00	     96.00	  96894.00	
[1;31;40mAVER       80000	  53447.00	     96.00	  96848.00	
[1;31;40mAVER       80000	  53447.00	     96.00	  96887.00	
[1;31;40mAVER       80000	  53447.00	     70.00	  70838.00	
[1;31;40mAVER       80000	  53447.00	     96.00	  96694.00	
[1;31;40mAVER       80000	  53447.00	     73.00	  73450.00	
[1;31;40mAVER       80000	  53447.00	     80.00	  80421.00	
[1;31;40mAVER       80000	  53447.00	     96.00	  96952.00	
[1;31;40mAVER       80000	  53447.00	     96.00	  96976.00	
[1;31;40mAVER       80000	  53447.00	     94.00	  94767.00	
[1;31;40mAVER       80000	  53447.00	     96.00	  96767.00	
[1;31;40mAVER       80000	  53447.00	     94.00	  94762.00	
[1;31;40mAVER       90000	  60471.00	    103.00	 103938.00	
[1;31;40mAVER       90000	  60471.00	    117.00	 117043.00	
[1;31;40mAVER       90000	  60471.00	    117.00	 117096.00	
[1;31;40mAVER       90000	  60471.00	     96.00	  96119.00	
[1;31;40mAVER       90000	  60471.00	    119.00	 119046.00	
[1;31;40mAVER       90000	  60471.00	    118.00	 118357.00	
[1;31;40mAVER       90000	  60471.00	    118.00	 118762.00	
[1;31;40mAVER       90000	  60471.00	    117.00	 117744.00	
[1;31;40mAVER       90000	  60471.00	    117.00	 117883.00	
[1;31;40mAVER       90000	  60471.00	    118.00	 118486.00	
[1;31;40mAVER       90000	  60471.00	    118.00	 118637.00	
[1;31;40mAVER       90000	  60471.00	    118.00	 118521.00	
[1;31;40mAVER       90000	  60471.00	    103.00	 103713.00	
[1;31;40mAVER       90000	  60471.00	    118.00	 118516.00	
[1;31;40mAVER       90000	  60471.00	    118.00	 118537.00	
[1;31;40mAVER       90000	  60471.00	    118.00	 118372.00	
[1;31;40mAVER       90000	  60471.00	    118.00	 118775.00	
[1;31;40mAVER       90000	  60471.00	    118.00	 118199.00	
[1;31;40mAVER       90000	  60471.00	    118.00	 118421.00	
[1;31;40mAVER       90000	  60471.00	    118.00	 118702.00	
[1;31;40mAVER      100000	  66462.00	    140.00	 140557.00	
[1;31;40mAVER      100000	  66462.00	    138.00	 138573.00	
[1;31;40mAVER      100000	  66462.00	    140.00	 140343.00	
[1;31;40mAVER      100000	  66462.00	    140.00	 140893.00	
[1;31;40mAVER      100000	  66462.00	    138.00	 138803.00	
[1;31;40mAVER      100000	  66462.00	    140.00	 140562.00	
[1;31;40mAVER      100000	  66462.00	    114.00	 114631.00	
[1;31;40mAVER      100000	  66462.00	    140.00	 140328.00	
[1;31;40mAVER      100000	  66462.00	    139.00	 139162.00	
[1;31;40mAVER      100000	  66462.00	    140.00	 140886.00	
[1;31;40mAVER      100000	  66462.00	    140.00	 140362.00	
[1;31;40mAVER      100000	  66462.00	    136.00	 136860.00	
[1;31;40mAVER      100000	  66462.00	    140.00	 140588.00	
[1;31;40mAVER      100000	  66462.00	    139.00	 139944.00	
[1;31;40mAVER      100000	  66462.00	    140.00	 140081.00	
[1;31;40mAVER      100000	  66462.00	    140.00	 140836.00	
[1;31;40mAVER      100000	  66462.00	    141.00	 141941.00	
[1;31;40mAVER      100000	  66462.00	    140.00	 140278.00	
[1;31;40mAVER      100000	  66462.00	    139.00	 139843.00	
[1;31;40mAVER      100000	  66462.00	    139.00	 139916.00	
[1;31;40mAVER      200000	 133469.00	    491.00	 491004.00	
[1;31;40mAVER      200000	 133469.00	    489.00	 489480.00	
[1;31;40mAVER      200000	 133469.00	    492.00	 492121.00	
[1;31;40mAVER      200000	 133469.00	    484.00	 484588.00	
[1;31;40mAVER      200000	 133469.00	    487.00	 487228.00	
[1;31;40mAVER      200000	 133469.00	    496.00	 496924.00	
[1;31;40mAVER      200000	 133469.00	    485.00	 485400.00	
[1;31;40mAVER      200000	 133469.00	    489.00	 489352.00	
[1;31;40mAVER      200000	 133469.00	    490.00	 490134.00	
[1;31;40mAVER      200000	 133469.00	    489.00	 489301.00	
[1;31;40mAVER      200000	 133469.00	    487.00	 487159.00	
[1;31;40mAVER      200000	 133469.00	    488.00	 488569.00	
[1;31;40mAVER      200000	 133469.00	    486.00	 486051.00	
[1;31;40mAVER      200000	 133469.00	    487.00	 487843.00	
[1;31;40mAVER      200000	 133469.00	    412.00	 412622.00	
[1;31;40mAVER      200000	 133469.00	    484.00	 484809.00	
[1;31;40mAVER      200000	 133469.00	    488.00	 488260.00	
[1;31;40mAVER      200000	 133469.00	    482.00	 482483.00	
[1;31;40mAVER      200000	 133469.00	    471.00	 471492.00	
[1;31;40mAVER      200000	 133469.00	    489.00	 489939.00	
[1;31;40mAVER      300000	 200255.00	    966.00	 966116.00	
[1;31;40mAVER      300000	 200255.00	    955.00	 955239.00	
[1;31;40mAVER      300000	 200255.00	    959.00	 959000.00	
[1;31;40mAVER      300000	 200255.00	    961.00	 961808.00	
[1;31;40mAVER      300000	 200255.00	   1000.00	1000942.00	
[1;31;40mAVER      300000	 200255.00	    950.00	 950927.00	
[1;31;40mAVER      300000	 200255.00	    957.00	 957931.00	
[1;31;40mAVER      300000	 200255.00	    963.00	 963156.00	
[1;31;40mAVER      300000	 200255.00	    888.00	 888955.00	
[1;31;40mAVER      300000	 200255.00	    960.00	 960010.00	
[1;31;40mAVER      300000	 200255.00	    933.00	 933978.00	
[1;31;40mAVER      300000	 200255.00	    964.00	 964016.00	
[1;31;40mAVER      300000	 200255.00	    957.00	 957492.00	
[1;31;40mAVER      300000	 200255.00	    956.00	 956238.00	
[1;31;40mAVER      300000	 200255.00	    937.00	 937356.00	
[1;31;40mAVER      300000	 200255.00	    965.00	 965916.00	
[1;31;40mAVER      300000	 200255.00	    956.00	 956908.00	
[1;31;40mAVER      300000	 200255.00	    964.00	 964986.00	
[1;31;40mAVER      300000	 200255.00	    961.00	 961479.00	
[1;31;40mAVER      300000	 200255.00	    964.00	 964653.00	
[1;31;40mAVER      400000	 267182.00	   1491.00	1491067.00	
[1;31;40mAVER      400000	 267182.00	   1522.00	1522126.00	
[1;31;40mAVER      400000	 267182.00	   1588.00	1588100.00	
[1;31;40mAVER      400000	 267182.00	   1591.00	1591194.00	
[1;31;40mAVER      400000	 267182.00	   1592.00	1592055.00	
[1;31;40mAVER      400000	 267182.00	   1498.00	1498938.00	
[1;31;40mAVER      400000	 267182.00	   1516.00	1516818.00	
[1;31;40mAVER      400000	 267182.00	   1586.00	1586636.00	
[1;31;40mAVER      400000	 267182.00	   1588.00	1588640.00	
[1;31;40mAVER      400000	 267182.00	   1586.00	1586358.00	
[1;31;40mAVER      400000	 267182.00	   1588.00	1588986.00	
[1;31;40mAVER      400000	 267182.00	   1586.00	1586329.00	
[1;31;40mAVER      400000	 267182.00	   1593.00	1593556.00	
[1;31;40mAVER      400000	 267182.00	   1563.00	1563624.00	
[1;31;40mAVER      400000	 267182.00	   1531.00	1531528.00	
[1;31;40mAVER      400000	 267182.00	   1594.00	1594765.00	
[1;31;40mAVER      400000	 267182.00	   1553.00	1553652.00	
[1;31;40mAVER      400000	 267182.00	   1556.00	1556467.00	
[1;31;40mAVER      400000	 267182.00	   1580.00	1580928.00	
[1;31;40mAVER      400000	 267182.00	   1517.00	1517778.00	
[1;31;40mAVER      500000	 332762.00	   2314.00	2314951.00	
[1;31;40mAVER      500000	 332762.00	   2307.00	2307490.00	
[1;31;40mAVER      500000	 332762.00	   2401.00	2401939.00	
[1;31;40mAVER      500000	 332762.00	   2405.00	2405251.00	
[1;31;40mAVER      500000	 332762.00	   2407.00	2407809.00	
[1;31;40mAVER      500000	 332762.00	   2399.00	2399913.00	
[1;31;40mAVER      500000	 332762.00	   2395.00	2395546.00	
[1;31;40mAVER      500000	 332762.00	   2403.00	2403740.00	
[1;31;40mAVER      500000	 332762.00	   2415.00	2415574.00	
[1;31;40mAVER      500000	 332762.00	   2337.00	2337771.00	
[1;31;40mAVER      500000	 332762.00	   2405.00	2405964.00	
[1;31;40mAVER      500000	 332762.00	   2405.00	2405966.00	
[1;31;40mAVER      500000	 332762.00	   2401.00	2401035.00	
[1;31;40mAVER      500000	 332762.00	   2410.00	2410112.00	
[1;31;40mAVER      500000	 332762.00	   2316.00	2316439.00	
[1;31;40mAVER      500000	 332762.00	   2316.00	2316539.00	
[1;31;40mAVER      500000	 332762.00	   2411.00	2411530.00	
[1;31;40mAVER      500000	 332762.00	   2405.00	2405755.00	
[1;31;40mAVER      500000	 332762.00	   2400.00	2400564.00	
[1;31;40mAVER      500000	 332762.00	   2303.00	2303736.00	
[1;31;40mAVER      600000	 399714.00	   3390.00	3390355.00	
[1;31;40mAVER      600000	 399714.00	   3384.00	3384309.00	
[1;31;40mAVER      600000	 399714.00	   3381.00	3381568.00	
[1;31;40mAVER      600000	 399714.00	   3394.00	3394269.00	
[1;31;40mAVER      600000	 399714.00	   3389.00	3389701.00	
[1;31;40mAVER      600000	 399714.00	   3387.00	3387638.00	
[1;31;40mAVER      600000	 399714.00	   3317.00	3317974.00	
[1;31;40mAVER      600000	 399714.00	   3389.00	3389923.00	
[1;31;40mAVER      600000	 399714.00	   3389.00	3389224.00	
[1;31;40mAVER      600000	 399714.00	   3390.00	3390427.00	
[1;31;40mAVER      600000	 399714.00	   3396.00	3396718.00	
[1;31;40mAVER      600000	 399714.00	   3386.00	3386753.00	
[1;31;40mAVER      600000	 399714.00	   3389.00	3389314.00	
[1;31;40mAVER      600000	 399714.00	   3386.00	3386926.00	
[1;31;40mAVER      600000	 399714.00	   3388.00	3388148.00	
[1;31;40mAVER      600000	 399714.00	   3321.00	3321936.00	
[1;31;40mAVER      600000	 399714.00	   3403.00	3403429.00	
[1;31;40mAVER      600000	 399714.00	   3295.00	3295953.00	
[1;31;40mAVER      600000	 399714.00	   3393.00	3393997.00	
[1;31;40mAVER      600000	 399714.00	   3294.00	3294667.00	
[1;31;40mAVER      700000	 466866.00	   4544.00	4544157.00	
[1;31;40mAVER      700000	 466866.00	   4539.00	4539986.00	
[1;31;40mAVER      700000	 466866.00	   4527.00	4527876.00	
[1;31;40mAVER      700000	 466866.00	   4512.00	4512238.00	
[1;31;40mAVER      700000	 466866.00	   4552.00	4552336.00	
[1;31;40mAVER      700000	 466866.00	   4549.00	4549310.00	
[1;31;40mAVER      700000	 466866.00	   4512.00	4512069.00	
[1;31;40mAVER      700000	 466866.00	   4542.00	4542815.00	
[1;31;40mAVER      700000	 466866.00	   4556.00	4556428.00	
[1;31;40mAVER      700000	 466866.00	   4544.00	4544438.00	
[1;31;40mAVER      700000	 466866.00	   4529.00	4529559.00	
[1;31;40mAVER      700000	 466866.00	   4530.00	4530009.00	
[1;31;40mAVER      700000	 466866.00	   4540.00	4540680.00	
[1;31;40mAVER      700000	 466866.00	   4530.00	4530980.00	
[1;31;40mAVER      700000	 466866.00	   4542.00	4542603.00	
[1;31;40mAVER      700000	 466866.00	   4529.00	4529795.00	
[1;31;40mAVER      700000	 466866.00	   4541.00	4541983.00	
[1;31;40mAVER      700000	 466866.00	   4528.00	4528147.00	
[1;31;40mAVER      700000	 466866.00	   4531.00	4531033.00	
[1;31;40mAVER      700000	 466866.00	   4547.00	4547797.00	
[1;31;40mAVER      800000	 534213.00	   5875.00	5875760.00	
[1;31;40mAVER      800000	 534213.00	   5879.00	5879830.00	
[1;31;40mAVER      800000	 534213.00	   5881.00	5881954.00	
[1;31;40mAVER      800000	 534213.00	   5885.00	5885651.00	
[1;31;40mAVER      800000	 534213.00	   5800.00	5800255.00	
[1;31;40mAVER      800000	 534213.00	   5879.00	5879796.00	
[1;31;40mAVER      800000	 534213.00	   5813.00	5813475.00	
[1;31;40mAVER      800000	 534213.00	   5887.00	5887634.00	
[1;31;40mAVER      800000	 534213.00	   5810.00	5810023.00	
[1;31;40mAVER      800000	 534213.00	   5877.00	5877101.00	
[1;31;40mAVER      800000	 534213.00	   5887.00	5887672.00	
[1;31;40mAVER      800000	 534213.00	   5789.00	5789706.00	
[1;31;40mAVER      800000	 534213.00	   5817.00	5817704.00	
[1;31;40mAVER      800000	 534213.00	   5872.00	5872255.00	
[1;31;40mAVER      800000	 534213.00	   5881.00	5881319.00	
[1;31;40mAVER      800000	 534213.00	   5887.00	5887493.00	
[1;31;40mAVER      800000	 534213.00	   5890.00	5890746.00	
[1;31;40mAVER      800000	 534213.00	   5878.00	5878144.00	
[1;31;40mAVER      800000	 534213.00	   5876.00	5876164.00	
[1;31;40mAVER      800000	 534213.00	   5884.00	5884327.00	
[1;31;40mAVER      900000	 600188.00	   7321.00	7321159.00	
[1;31;40mAVER      900000	 600188.00	   7377.00	7377980.00	
[1;31;40mAVER      900000	 600188.00	   7392.00	7392482.00	
[1;31;40mAVER      900000	 600188.00	   7402.00	7402143.00	
[1;31;40mAVER      900000	 600188.00	   7383.00	7383316.00	
[1;31;40mAVER      900000	 600188.00	   7397.00	7397321.00	
[1;31;40mAVER      900000	 600188.00	   7391.00	7391314.00	
[1;31;40mAVER      900000	 600188.00	   7438.00	7438976.00	
[1;31;40mAVER      900000	 600188.00	   7291.00	7291627.00	
[1;31;40mAVER      900000	 600188.00	   7388.00	7388360.00	
[1;31;40mAVER      900000	 600188.00	   7387.00	7387689.00	
[1;31;40mAVER      900000	 600188.00	   7401.00	7401746.00	
[1;31;40mAVER      900000	 600188.00	   7326.00	7326773.00	
[1;31;40mAVER      900000	 600188.00	   7399.00	7399773.00	
[1;31;40mAVER      900000	 600188.00	   7393.00	7393525.00	
[1;31;40mAVER      900000	 600188.00	   7404.00	7404378.00	
[1;31;40mAVER      900000	 600188.00	   7393.00	7393816.00	
[1;31;40mAVER      900000	 600188.00	   7400.00	7400657.00	
[1;31;40mAVER      900000	 600188.00	   7364.00	7364255.00	
[1;31;40mAVER      900000	 600188.00	   7391.00	7391740.00	
[1;31;40mAVER     1000000	 666169.00	   9009.00	9009640.00	
[1;31;40mAVER     1000000	 666169.00	   9124.00	9124183.00	
[1;31;40mAVER     1000000	 666169.00	   8985.00	8985480.00	
[1;31;40mAVER     1000000	 666169.00	   9078.00	9078159.00	
[1;31;40mAVER     1000000	 666169.00	   9103.00	9103566.00	
[1;31;40mAVER     1000000	 666169.00	   8978.00	8978111.00	
[1;31;40mAVER     1000000	 666169.00	   9022.00	9022506.00	
[1;31;40mAVER     1000000	 666169.00	   9061.00	9061053.00	
[1;31;40mAVER     1000000	 666169.00	   8918.00	8918571.00	
[1;31;40mAVER     1000000	 666169.00	   9017.00	9017995.00	
[1;31;40mAVER     1000000	 666169.00	   9091.00	9091562.00	
[1;31;40mAVER     1000000	 666169.00	   9006.00	9006074.00	
[1;31;40mAVER     1000000	 666169.00	   9096.00	9096597.00	
[1;31;40mAVER     1000000	 666169.00	   9106.00	9106965.00	
[1;31;40mAVER     1000000	 666169.00	   9012.00	9012637.00	
[1;31;40mAVER     1000000	 666169.00	   9085.00	9085325.00	
[1;31;40mAVER     1000000	 666169.00	   9087.00	9087808.00	
[1;31;40mAVER     1000000	 666169.00	   8985.00	8985298.00	
[1;31;40mAVER     1000000	 666169.00	   9086.00	9086701.00	
[1;31;40mAVER     1000000	 666169.00	   9092.00	9092579.00	
